20	8	
21	8	
23	8	
29	8	
37	8	
60	8	
69	8	
85	8	
86	8	
88	8	
103	8	
106	8	
110	8	
124	8	
134	8	
142	8	
146	8	
153	8	
159	8	
187	8	
195	8	
197	8	
200	8	
217	8	
227	8	
242	8	
255	8	
264	8	
273	8	
279	8	
280	8	
281	8	
304	8	
326	8	
345	8	
347	8	
361	8	
372	8	
388	8	
409	8	
417	8	
433	8	
434	8	
437	8	
451	8	
468	8	
469	8	
471	8	
479	8	
482	8	
486	8	
491	8	
497	8	
521	8	
530	8	
532	8	
543	8	
546	8	
560	8	
563	8	
566	8	
574	8	
586	8	
588	8	
590	8	
602	8	
603	8	
617	8	
627	8	
628	8	
640	8	
646	8	
653	8	
661	8	
664	8	
676	8	
687	8	
690	8	
696	8	
707	8	
709	8	
711	8	
715	8	
721	8	
730	8	
767	8	
768	8	
779	8	
794	8	
796	8	
801	8	
802	8	
804	8	
817	8	
826	8	
829	8	
831	8	
861	8	
866	8	
868	8	
879	8	
892	8	
896	8	
897	8	
898	8	
902	8	
905	8	
929	8	
945	8	
951	8	
955	8	
959	8	
960	8	
982	8	
985	8	
992	8	
13	5	
32	5	
45	5	
49	5	
73	5	
75	5	
79	5	
80	5	
111	5	
114	5	
115	5	
122	5	
133	5	
137	5	
145	5	
149	5	
160	5	
161	5	
196	5	
206	5	
211	5	
212	5	
214	5	
215	5	
221	5	
236	5	
239	5	
243	5	
266	5	
267	5	
270	5	
276	5	
285	5	
303	5	
317	5	
337	5	
374	5	
379	5	
386	5	
408	5	
424	5	
441	5	
447	5	
461	5	
495	5	
506	5	
519	5	
522	5	
525	5	
542	5	
548	5	
554	5	
555	5	
572	5	
606	5	
616	5	
636	5	
670	5	
674	5	
693	5	
699	5	
702	5	
712	5	
713	5	
741	5	
745	5	
749	5	
757	5	
761	5	
766	5	
770	5	
782	5	
789	5	
800	5	
815	5	
828	5	
842	5	
859	5	
873	5	
874	5	
878	5	
885	5	
887	5	
893	5	
899	5	
907	5	
914	5	
915	5	
967	5	
975	5	
984	5	
990	5	
991	5	
998	5	
16	1	
24	1	
30	1	
52	1	
54	1	
57	1	
70	1	
81	1	
89	1	
92	1	
93	1	
105	1	
108	1	
116	1	
120	1	
139	1	
158	1	
167	1	
173	1	
174	1	
181	1	
183	1	
193	1	
202	1	
205	1	
209	1	
220	1	
256	1	
258	1	
260	1	
282	1	
283	1	
292	1	
311	1	
336	1	
346	1	
348	1	
359	1	
365	1	
378	1	
395	1	
399	1	
401	1	
402	1	
404	1	
406	1	
431	1	
439	1	
444	1	
448	1	
450	1	
478	1	
481	1	
485	1	
488	1	
531	1	
559	1	
575	1	
583	1	
589	1	
612	1	
615	1	
622	1	
657	1	
675	1	
677	1	
683	1	
685	1	
689	1	
691	1	
692	1	
703	1	
716	1	
725	1	
736	1	
740	1	
750	1	
765	1	
771	1	
774	1	
803	1	
808	1	
813	1	
819	1	
821	1	
823	1	
849	1	
863	1	
900	1	
903	1	
910	1	
917	1	
920	1	
943	1	
953	1	
958	1	
961	1	
986	1	
989	1	
4	4	
9	4	
42	4	
48	4	
55	4	
63	4	
64	4	
68	4	
71	4	
109	4	
121	4	
131	4	
154	4	
162	4	
163	4	
172	4	
178	4	
180	4	
188	4	
189	4	
198	4	
224	4	
226	4	
228	4	
232	4	
265	4	
274	4	
277	4	
278	4	
287	4	
296	4	
297	4	
305	4	
307	4	
315	4	
320	4	
335	4	
370	4	
391	4	
394	4	
400	4	
413	4	
428	4	
429	4	
442	4	
459	4	
470	4	
510	4	
518	4	
536	4	
552	4	
558	4	
568	4	
576	4	
582	4	
594	4	
613	4	
630	4	
633	4	
635	4	
637	4	
642	4	
650	4	
678	4	
680	4	
694	4	
698	4	
718	4	
726	4	
733	4	
735	4	
739	4	
751	4	
752	4	
758	4	
764	4	
785	4	
830	4	
837	4	
854	4	
857	4	
877	4	
889	4	
904	4	
906	4	
916	4	
918	4	
921	4	
938	4	
957	4	
966	4	
968	4	
976	4	
995	4	
997	4	
1	6	
12	6	
19	6	
22	6	
25	6	
27	6	
53	6	
59	6	
62	6	
77	6	
82	6	
119	6	
128	6	
143	6	
148	6	
165	6	
169	6	
175	6	
177	6	
191	6	
216	6	
218	6	
219	6	
235	6	
248	6	
252	6	
261	6	
286	6	
290	6	
295	6	
321	6	
343	6	
349	6	
352	6	
353	6	
354	6	
363	6	
375	6	
382	6	
403	6	
453	6	
454	6	
455	6	
456	6	
465	6	
475	6	
484	6	
500	6	
503	6	
511	6	
523	6	
526	6	
527	6	
534	6	
537	6	
539	6	
544	6	
569	6	
570	6	
581	6	
591	6	
593	6	
597	6	
599	6	
607	6	
626	6	
644	6	
648	6	
663	6	
665	6	
697	6	
700	6	
701	6	
704	6	
737	6	
748	6	
753	6	
755	6	
759	6	
763	6	
773	6	
781	6	
786	6	
788	6	
793	6	
822	6	
835	6	
853	6	
856	6	
876	6	
934	6	
944	6	
946	6	
947	6	
970	6	
971	6	
978	6	
987	6	
10	9	
17	9	
18	9	
31	9	
65	9	
94	9	
97	9	
101	9	
127	9	
144	9	
147	9	
150	9	
171	9	
179	9	
182	9	
186	9	
190	9	
199	9	
210	9	
244	9	
246	9	
254	9	
257	9	
275	9	
298	9	
312	9	
344	9	
358	9	
368	9	
373	9	
387	9	
393	9	
396	9	
398	9	
416	9	
423	9	
430	9	
436	9	
449	9	
458	9	
464	9	
466	9	
473	9	
487	9	
498	9	
508	9	
512	9	
514	9	
524	9	
533	9	
535	9	
545	9	
549	9	
562	9	
598	9	
614	9	
621	9	
625	9	
641	9	
647	9	
649	9	
652	9	
656	9	
659	9	
667	9	
708	9	
722	9	
724	9	
754	9	
777	9	
778	9	
791	9	
812	9	
818	9	
838	9	
839	9	
845	9	
846	9	
847	9	
848	9	
860	9	
886	9	
895	9	
908	9	
927	9	
931	9	
933	9	
963	9	
964	9	
977	9	
981	9	
2	4	
35	4	
44	4	
56	4	
72	4	
78	4	
83	4	
84	4	
87	4	
113	4	
125	4	
132	4	
135	4	
136	4	
156	4	
170	4	
222	4	
237	4	
251	4	
253	4	
272	4	
289	4	
293	4	
309	4	
310	4	
338	4	
364	4	
371	4	
389	4	
397	4	
407	4	
415	4	
419	4	
422	4	
446	4	
452	4	
457	4	
460	4	
462	4	
489	4	
494	4	
509	4	
515	4	
538	4	
556	4	
584	4	
609	4	
651	4	
681	4	
686	4	
706	4	
714	4	
719	4	
727	4	
729	4	
760	4	
772	4	
784	4	
797	4	
810	4	
811	4	
833	4	
843	4	
862	4	
870	4	
872	4	
884	4	
888	4	
894	4	
913	4	
924	4	
932	4	
940	4	
941	4	
954	4	
956	4	
969	4	
979	4	
983	4	
1000	4	
5	3	
11	3	
34	3	
47	3	
66	3	
74	3	
96	3	
100	3	
102	3	
104	3	
107	3	
117	3	
151	3	
155	3	
164	3	
166	3	
194	3	
201	3	
204	3	
213	3	
229	3	
230	3	
231	3	
233	3	
240	3	
259	3	
268	3	
269	3	
284	3	
299	3	
313	3	
316	3	
319	3	
330	3	
332	3	
356	3	
362	3	
366	3	
376	3	
380	3	
414	3	
420	3	
427	3	
435	3	
443	3	
463	3	
467	3	
474	3	
477	3	
483	3	
490	3	
496	3	
502	3	
504	3	
505	3	
516	3	
529	3	
557	3	
561	3	
564	3	
573	3	
587	3	
592	3	
604	3	
620	3	
631	3	
632	3	
639	3	
654	3	
660	3	
705	3	
728	3	
732	3	
742	3	
747	3	
762	3	
769	3	
787	3	
798	3	
806	3	
809	3	
816	3	
827	3	
832	3	
844	3	
865	3	
890	3	
891	3	
909	3	
930	3	
952	3	
962	3	
965	3	
980	3	
7	10	
36	10	
43	10	
46	10	
50	10	
58	10	
61	10	
91	10	
95	10	
129	10	
138	10	
140	10	
141	10	
203	10	
207	10	
245	10	
247	10	
250	10	
262	10	
271	10	
288	10	
300	10	
306	10	
323	10	
324	10	
325	10	
331	10	
334	10	
384	10	
405	10	
410	10	
411	10	
412	10	
426	10	
476	10	
493	10	
499	10	
513	10	
540	10	
567	10	
571	10	
577	10	
578	10	
596	10	
600	10	
608	10	
610	10	
618	10	
629	10	
643	10	
662	10	
666	10	
672	10	
720	10	
723	10	
746	10	
775	10	
783	10	
805	10	
834	10	
836	10	
850	10	
858	10	
869	10	
871	10	
875	10	
882	10	
901	10	
911	10	
926	10	
928	10	
936	10	
937	10	
939	10	
942	10	
948	10	
949	10	
973	10	
993	10	
3	2	
8	2	
28	2	
33	2	
38	2	
39	2	
40	2	
51	2	
98	2	
99	2	
112	2	
118	2	
126	2	
130	2	
168	2	
176	2	
192	2	
225	2	
234	2	
238	2	
241	2	
263	2	
308	2	
318	2	
327	2	
328	2	
333	2	
351	2	
357	2	
367	2	
369	2	
381	2	
383	2	
385	2	
390	2	
392	2	
425	2	
438	2	
445	2	
472	2	
492	2	
520	2	
528	2	
541	2	
611	2	
619	2	
623	2	
638	2	
645	2	
668	2	
671	2	
673	2	
688	2	
731	2	
744	2	
795	2	
814	2	
820	2	
825	2	
841	2	
852	2	
864	2	
867	2	
880	2	
881	2	
883	2	
912	2	
919	2	
923	2	
925	2	
950	2	
972	2	
974	2	
994	2	
996	2	
999	2	
6	7	
14	7	
15	7	
26	7	
41	7	
67	7	
76	7	
90	7	
123	7	
152	7	
157	7	
184	7	
185	7	
208	7	
223	7	
249	7	
291	7	
294	7	
301	7	
302	7	
314	7	
322	7	
329	7	
339	7	
340	7	
341	7	
342	7	
350	7	
355	7	
360	7	
377	7	
418	7	
421	7	
432	7	
440	7	
480	7	
501	7	
507	7	
517	7	
547	7	
550	7	
551	7	
553	7	
565	7	
579	7	
580	7	
585	7	
595	7	
601	7	
605	7	
624	7	
634	7	
655	7	
658	7	
669	7	
679	7	
682	7	
684	7	
695	7	
710	7	
717	7	
734	7	
738	7	
743	7	
756	7	
776	7	
780	7	
790	7	
792	7	
799	7	
807	7	
824	7	
840	7	
851	7	
855	7	
922	7	
935	7	
988	7	
