985 1 0.00286205
892 1 0.00171723
896 1 0.00171723
779 1 0.00143102
801 1 0.00143102
471 1 0.000858615
530 1 0.000858615
563 1 0.000858615
617 1 0.000858615
628 1 0.000858615
23 1 0.00057241
197 1 0.00057241
905 1 0.00200343
902 1 0.00171723
817 1 0.00143102
826 1 0.00143102
829 1 0.00143102
676 1 0.00114482
715 1 0.00114482
768 1 0.00114482
588 1 0.000858615
134 1 0.00057241
255 1 0.00057241
388 1 0.00057241
992 1 0.00286205
951 1 0.00228964
929 1 0.00200343
831 1 0.00143102
767 1 0.00114482
586 1 0.000858615
217 1 0.00057241
279 1 0.00057241
437 1 0.00057241
982 1 0.00257584
861 1 0.00171723
897 1 0.00171723
879 1 0.00171723
468 1 0.000858615
640 1 0.000858615
603 1 0.000858615
590 1 0.000858615
955 1 0.00228964
866 1 0.00171723
627 1 0.000858615
60 1 0.00057241
227 1 0.00057241
242 1 0.00057241
361 1 0.00057241
372 1 0.00057241
409 1 0.00057241
959 1 0.00257584
796 1 0.00143102
497 1 0.000858615
195 1 0.00057241
280 1 0.00057241
326 1 0.00057241
264 1 0.00057241
281 1 0.00057241
434 1 0.00057241
960 1 0.00257584
696 1 0.00114482
574 1 0.000858615
602 1 0.000858615
110 1 0.00057241
146 1 0.00057241
304 1 0.00057241
433 1 0.00057241
804 1 0.00143102
794 1 0.00143102
469 1 0.000858615
491 1 0.000858615
566 1 0.000858615
664 1 0.000858615
20 1 0.00057241
802 1 0.00143102
707 1 0.00114482
486 1 0.000858615
543 1 0.000858615
546 1 0.000858615
37 1 0.00057241
88 1 0.00057241
273 1 0.00057241
945 1 0.00228964
868 1 0.00171723
711 1 0.00114482
29 1 0.00057241
86 1 0.00057241
142 1 0.00057241
721 1 0.00114482
646 1 0.000858615
451 1 0.000858615
521 1 0.000858615
653 1 0.000858615
661 1 0.000858615
153 1 0.00057241
898 1 0.00171723
690 1 0.00114482
532 1 0.000858615
124 1 0.00057241
159 1 0.00057241
200 1 0.00057241
347 1 0.00057241
709 1 0.00114482
730 1 0.00114482
560 1 0.000858615
482 1 0.000858615
106 1 0.00057241
687 1 0.00114482
69 1 0.00057241
85 1 0.00057241
103 1 0.00057241
187 1 0.00057241
417 1 0.00057241
479 1 0.000858615
21 1 0.00057241
345 1 0.00057241
990 2 0.00286205
975 2 0.00257584
914 2 0.00200343
887 2 0.00171723
800 2 0.00143102
674 2 0.00114482
702 2 0.00114482
713 2 0.00114482
636 2 0.000858615
79 2 0.00057241
75 2 0.00057241
907 2 0.00200343
782 2 0.00143102
789 2 0.00143102
670 2 0.00114482
699 2 0.00114482
712 2 0.00114482
745 2 0.00114482
554 2 0.000858615
555 2 0.000858615
160 2 0.00057241
317 2 0.00057241
337 2 0.00057241
379 2 0.00057241
984 2 0.00286205
873 2 0.00171723
828 2 0.00143102
525 2 0.000858615
542 2 0.000858615
548 2 0.000858615
45 2 0.00057241
149 2 0.00057241
998 2 0.00286205
915 2 0.00200343
893 2 0.00171723
757 2 0.00114482
770 2 0.00114482
111 2 0.00057241
991 2 0.00286205
899 2 0.00171723
815 2 0.00143102
133 2 0.00057241
161 2 0.00057241
236 2 0.00057241
967 2 0.00257584
878 2 0.00171723
572 2 0.000858615
73 2 0.00057241
285 2 0.00057241
386 2 0.00057241
441 2 0.00057241
859 2 0.00171723
874 2 0.00171723
842 2 0.00143102
519 2 0.000858615
114 2 0.00057241
206 2 0.00057241
693 2 0.00114482
616 2 0.000858615
461 2 0.000858615
13 2 0.00057241
115 2 0.00057241
215 2 0.00057241
49 2 0.00057241
766 2 0.00114482
495 2 0.000858615
137 2 0.00057241
221 2 0.00057241
243 2 0.00057241
276 2 0.00057241
374 2 0.00057241
885 2 0.00171723
741 2 0.00114482
80 2 0.00057241
145 2 0.00057241
214 2 0.00057241
749 2 0.00114482
761 2 0.00114482
239 2 0.00057241
267 2 0.00057241
270 2 0.00057241
447 2 0.000858615
506 2 0.000858615
522 2 0.000858615
408 2 0.00057241
32 2 0.00057241
196 2 0.00057241
211 2 0.00057241
303 2 0.00057241
424 2 0.00057241
606 2 0.000858615
122 2 0.00057241
212 2 0.00057241
266 2 0.00057241
958 3 0.00228964
910 3 0.00200343
900 3 0.00171723
819 3 0.00143102
677 3 0.00114482
685 3 0.00114482
692 3 0.00114482
531 3 0.000858615
93 3 0.00057241
220 3 0.00057241
401 3 0.00057241
986 3 0.00286205
943 3 0.00228964
917 3 0.00200343
863 3 0.00171723
675 3 0.00114482
485 3 0.000858615
559 3 0.000858615
202 3 0.00057241
961 3 0.00257584
903 3 0.00200343
823 3 0.00143102
575 3 0.000858615
615 3 0.000858615
406 3 0.00057241
256 3 0.00057241
989 3 0.00286205
691 3 0.00114482
612 3 0.000858615
54 3 0.00057241
81 3 0.00057241
158 3 0.00057241
439 3 0.00057241
849 3 0.00143102
750 3 0.00114482
771 3 0.00114482
478 3 0.000858615
260 3 0.00057241
444 3 0.00057241
920 3 0.00200343
703 3 0.00114482
481 3 0.000858615
108 3 0.00057241
282 3 0.00057241
803 3 0.00143102
716 3 0.00114482
725 3 0.00114482
450 3 0.000858615
311 3 0.00057241
821 3 0.00143102
765 3 0.00114482
583 3 0.000858615
167 3 0.00057241
183 3 0.00057241
283 3 0.00057241
736 3 0.00114482
740 3 0.00114482
16 3 0.00057241
92 3 0.00057241
139 3 0.00057241
205 3 0.00057241
683 3 0.00114482
30 3 0.00057241
173 3 0.00057241
193 3 0.00057241
292 3 0.00057241
395 3 0.00057241
431 3 0.00057241
808 3 0.00143102
657 3 0.000858615
174 3 0.00057241
346 3 0.00057241
359 3 0.00057241
399 3 0.00057241
953 3 0.00228964
813 3 0.00143102
622 3 0.000858615
774 3 0.00143102
24 3 0.00057241
89 3 0.00057241
348 3 0.00057241
52 3 0.00057241
105 3 0.00057241
116 3 0.00057241
209 3 0.00057241
402 3 0.00057241
448 3 0.000858615
258 3 0.00057241
57 3 0.00057241
181 3 0.00057241
589 3 0.000858615
336 3 0.00057241
365 3 0.00057241
404 3 0.00057241
689 3 0.00114482
70 3 0.00057241
120 3 0.00057241
488 3 0.000858615
378 3 0.00057241
968 4 0.00257584
938 4 0.00228964
916 4 0.00200343
918 4 0.00200343
857 4 0.00171723
680 4 0.00114482
733 4 0.00114482
678 4 0.00114482
635 4 0.000858615
178 4 0.00057241
64 4 0.00057241
224 4 0.00057241
287 4 0.00057241
995 4 0.00286205
906 4 0.00200343
854 4 0.00171723
837 4 0.00143102
698 4 0.00114482
751 4 0.00114482
764 4 0.00114482
594 4 0.000858615
154 4 0.00057241
188 4 0.00057241
228 4 0.00057241
966 4 0.00257584
904 4 0.00200343
921 4 0.00200343
877 4 0.00171723
739 4 0.00114482
752 4 0.00114482
630 4 0.000858615
552 4 0.000858615
71 4 0.00057241
296 4 0.00057241
976 4 0.00257584
889 4 0.00171723
536 4 0.000858615
558 4 0.000858615
582 4 0.000858615
121 4 0.00057241
265 4 0.00057241
307 4 0.00057241
400 4 0.00057241
413 4 0.00057241
957 4 0.00228964
735 4 0.00114482
758 4 0.00114482
470 4 0.000858615
633 4 0.000858615
650 4 0.000858615
429 4 0.00057241
997 4 0.00286205
726 4 0.00114482
518 4 0.000858615
189 4 0.00057241
297 4 0.00057241
830 4 0.00143102
694 4 0.00114482
613 4 0.000858615
42 4 0.00057241
68 4 0.00057241
198 4 0.00057241
394 4 0.00057241
718 4 0.00114482
568 4 0.000858615
642 4 0.000858615
63 4 0.00057241
109 4 0.00057241
131 4 0.00057241
172 4 0.00057241
226 4 0.00057241
510 4 0.000858615
48 4 0.00057241
162 4 0.00057241
278 4 0.00057241
305 4 0.00057241
315 4 0.00057241
428 4 0.00057241
459 4 0.000858615
576 4 0.000858615
180 4 0.00057241
320 4 0.00057241
370 4 0.00057241
391 4 0.00057241
785 4 0.00143102
232 4 0.00057241
274 4 0.00057241
277 4 0.00057241
442 4 0.00057241
637 4 0.000858615
4 4 0.00057241
9 4 0.00057241
335 4 0.00057241
55 4 0.00057241
163 4 0.00057241
944 5 0.00228964
853 5 0.00171723
876 5 0.00171723
773 5 0.00143102
700 5 0.00114482
665 5 0.000858615
218 5 0.00057241
987 5 0.00286205
856 5 0.00171723
781 5 0.00143102
456 5 0.000858615
534 5 0.000858615
22 5 0.00057241
53 5 0.00057241
143 5 0.00057241
971 5 0.00257584
978 5 0.00257584
737 5 0.00114482
503 5 0.000858615
569 5 0.000858615
252 5 0.00057241
321 5 0.00057241
970 5 0.00257584
793 5 0.00143102
822 5 0.00143102
453 5 0.000858615
539 5 0.000858615
27 5 0.00057241
128 5 0.00057241
219 5 0.00057241
934 5 0.00228964
946 5 0.00228964
704 5 0.00114482
570 5 0.000858615
597 5 0.000858615
12 5 0.00057241
353 5 0.00057241
947 5 0.00228964
788 5 0.00143102
581 5 0.000858615
19 5 0.00057241
191 5 0.00057241
248 5 0.00057241
290 5 0.00057241
62 5 0.00057241
701 5 0.00114482
454 5 0.000858615
511 5 0.000858615
599 5 0.000858615
663 5 0.000858615
59 5 0.00057241
165 5 0.00057241
375 5 0.00057241
786 5 0.00143102
484 5 0.000858615
25 5 0.00057241
235 5 0.00057241
295 5 0.00057241
382 5 0.00057241
175 5 0.00057241
465 5 0.000858615
523 5 0.000858615
526 5 0.000858615
1 5 0.00057241
169 5 0.00057241
177 5 0.00057241
697 5 0.00114482
763 5 0.00114482
119 5 0.00057241
349 5 0.00057241
352 5 0.00057241
835 5 0.00143102
753 5 0.00114482
591 5 0.000858615
148 5 0.00057241
755 5 0.00114482
475 5 0.000858615
648 5 0.000858615
261 5 0.00057241
286 5 0.00057241
500 5 0.000858615
544 5 0.000858615
607 5 0.000858615
626 5 0.000858615
403 5 0.00057241
644 5 0.000858615
527 5 0.000858615
216 5 0.00057241
343 5 0.00057241
354 5 0.00057241
748 5 0.00114482
537 5 0.000858615
593 5 0.000858615
77 5 0.00057241
759 5 0.00114482
455 5 0.000858615
82 5 0.00057241
363 5 0.00057241
927 6 0.00200343
860 6 0.00171723
895 6 0.00171723
777 6 0.00143102
778 6 0.00143102
847 6 0.00143102
512 6 0.000858615
545 6 0.000858615
649 6 0.000858615
652 6 0.000858615
246 6 0.00057241
368 6 0.00057241
963 6 0.00257584
977 6 0.00257584
848 6 0.00143102
812 6 0.00143102
487 6 0.000858615
514 6 0.000858615
641 6 0.000858615
598 6 0.000858615
10 6 0.00057241
182 6 0.00057241
358 6 0.00057241
387 6 0.00057241
838 6 0.00143102
846 6 0.00143102
724 6 0.00114482
533 6 0.000858615
535 6 0.000858615
621 6 0.000858615
144 6 0.00057241
147 6 0.00057241
254 6 0.00057241
257 6 0.00057241
275 6 0.00057241
344 6 0.00057241
981 6 0.00257584
931 6 0.00200343
818 6 0.00143102
754 6 0.00114482
473 6 0.000858615
393 6 0.00057241
423 6 0.00057241
186 6 0.00057241
908 6 0.00200343
18 6 0.00057241
31 6 0.00057241
101 6 0.00057241
150 6 0.00057241
179 6 0.00057241
210 6 0.00057241
396 6 0.00057241
416 6 0.00057241
933 6 0.00200343
839 6 0.00143102
708 6 0.00114482
549 6 0.000858615
667 6 0.00114482
524 6 0.000858615
647 6 0.000858615
625 6 0.000858615
94 6 0.00057241
244 6 0.00057241
964 6 0.00257584
886 6 0.00171723
373 6 0.00057241
722 6 0.00114482
458 6 0.000858615
466 6 0.000858615
614 6 0.000858615
656 6 0.000858615
449 6 0.000858615
508 6 0.000858615
562 6 0.000858615
171 6 0.00057241
398 6 0.00057241
436 6 0.00057241
791 6 0.00143102
498 6 0.000858615
190 6 0.00057241
298 6 0.00057241
312 6 0.00057241
845 6 0.00143102
17 6 0.00057241
65 6 0.00057241
97 6 0.00057241
199 6 0.00057241
464 6 0.000858615
659 6 0.000858615
127 6 0.00057241
430 6 0.00057241
983 7 0.00257584
940 7 0.00228964
954 7 0.00228964
872 7 0.00171723
797 7 0.00143102
686 7 0.00114482
452 7 0.000858615
651 7 0.000858615
251 7 0.00057241
364 7 0.00057241
924 7 0.00200343
870 7 0.00171723
894 7 0.00171723
681 7 0.00114482
719 7 0.00114482
727 7 0.00114482
760 7 0.00114482
556 7 0.000858615
35 7 0.00057241
136 7 0.00057241
156 7 0.00057241
237 7 0.00057241
1000 7 0.00286205
969 7 0.00257584
932 7 0.00200343
810 7 0.00143102
714 7 0.00114482
460 7 0.000858615
289 7 0.00057241
309 7 0.00057241
389 7 0.00057241
979 7 0.00257584
941 7 0.00228964
862 7 0.00171723
772 7 0.00143102
509 7 0.000858615
2 7 0.00057241
78 7 0.00057241
87 7 0.00057241
407 7 0.00057241
415 7 0.00057241
884 7 0.00171723
833 7 0.00143102
843 7 0.00143102
494 7 0.000858615
72 7 0.00057241
83 7 0.00057241
113 7 0.00057241
253 7 0.00057241
293 7 0.00057241
956 7 0.00228964
888 7 0.00171723
538 7 0.000858615
132 7 0.00057241
310 7 0.00057241
56 7 0.00057241
913 7 0.00200343
462 7 0.000858615
135 7 0.00057241
222 7 0.00057241
272 7 0.00057241
338 7 0.00057241
371 7 0.00057241
419 7 0.00057241
784 7 0.00143102
811 7 0.00143102
706 7 0.00114482
44 7 0.00057241
170 7 0.00057241
729 7 0.00114482
446 7 0.000858615
457 7 0.000858615
515 7 0.000858615
584 7 0.000858615
489 7 0.000858615
609 7 0.000858615
84 7 0.00057241
125 7 0.00057241
397 7 0.00057241
422 7 0.00057241
965 8 0.00257584
909 8 0.00200343
930 8 0.00200343
806 8 0.00143102
832 8 0.00143102
742 8 0.00114482
747 8 0.00114482
483 8 0.000858615
529 8 0.000858615
573 8 0.000858615
587 8 0.000858615
592 8 0.000858615
231 8 0.00057241
865 8 0.00171723
891 8 0.00171723
844 8 0.00143102
705 8 0.00114482
477 8 0.000858615
490 8 0.000858615
474 8 0.000858615
502 8 0.000858615
420 8 0.00057241
443 8 0.00057241
980 8 0.00257584
809 8 0.00143102
816 8 0.00143102
728 8 0.00114482
34 8 0.00057241
117 8 0.00057241
319 8 0.00057241
356 8 0.00057241
380 8 0.00057241
952 8 0.00228964
890 8 0.00171723
798 8 0.00143102
620 8 0.000858615
107 8 0.00057241
332 8 0.00057241
427 8 0.00057241
435 8 0.00057241
962 8 0.00257584
762 8 0.00114482
496 8 0.000858615
564 8 0.000858615
787 8 0.00143102
463 8 0.000858615
5 8 0.00057241
155 8 0.00057241
213 8 0.00057241
299 8 0.00057241
362 8 0.00057241
516 8 0.000858615
632 8 0.000858615
639 8 0.000858615
74 8 0.00057241
268 8 0.00057241
366 8 0.00057241
100 8 0.00057241
504 8 0.000858615
604 8 0.000858615
631 8 0.000858615
102 8 0.00057241
151 8 0.00057241
269 8 0.00057241
316 8 0.00057241
654 8 0.000858615
557 8 0.000858615
66 8 0.00057241
230 8 0.00057241
259 8 0.00057241
330 8 0.00057241
414 8 0.00057241
467 8 0.000858615
47 8 0.00057241
96 8 0.00057241
204 8 0.00057241
313 8 0.00057241
376 8 0.00057241
827 8 0.00143102
505 8 0.000858615
660 8 0.000858615
104 8 0.00057241
732 8 0.00114482
769 8 0.00114482
229 8 0.00057241
284 8 0.00057241
561 8 0.000858615
164 8 0.00057241
194 8 0.00057241
233 8 0.00057241
240 8 0.00057241
11 8 0.00057241
166 8 0.00057241
201 8 0.00057241
939 9 0.00228964
942 9 0.00228964
869 9 0.00171723
871 9 0.00171723
850 9 0.00143102
720 9 0.00114482
746 9 0.00114482
596 9 0.000858615
384 9 0.00057241
405 9 0.00057241
426 9 0.00057241
993 9 0.00286205
936 9 0.00228964
901 9 0.00171723
643 9 0.000858615
43 9 0.00057241
129 9 0.00057241
288 9 0.00057241
324 9 0.00057241
411 9 0.00057241
949 9 0.00228964
882 9 0.00171723
836 9 0.00143102
493 9 0.000858615
608 9 0.000858615
618 9 0.000858615
61 9 0.00057241
331 9 0.00057241
334 9 0.00057241
937 9 0.00228964
926 9 0.00200343
805 9 0.00143102
834 9 0.00143102
140 9 0.00057241
203 9 0.00057241
245 9 0.00057241
412 9 0.00057241
948 9 0.00228964
875 9 0.00171723
666 9 0.00114482
672 9 0.00114482
610 9 0.000858615
7 9 0.00057241
207 9 0.00057241
410 9 0.00057241
911 9 0.00200343
928 9 0.00200343
783 9 0.00143102
540 9 0.000858615
567 9 0.000858615
141 9 0.00057241
46 9 0.00057241
973 9 0.00257584
775 9 0.00143102
600 9 0.000858615
50 9 0.00057241
323 9 0.00057241
723 9 0.00114482
513 9 0.000858615
577 9 0.000858615
629 9 0.000858615
247 9 0.00057241
325 9 0.00057241
858 9 0.00171723
662 9 0.000858615
36 9 0.00057241
91 9 0.00057241
306 9 0.00057241
571 9 0.000858615
578 9 0.000858615
138 9 0.00057241
300 9 0.00057241
499 9 0.000858615
58 9 0.00057241
250 9 0.00057241
262 9 0.00057241
476 9 0.000858615
95 9 0.00057241
271 9 0.00057241
994 10 0.00286205
852 10 0.00171723
881 10 0.00171723
883 10 0.00171723
795 10 0.00143102
825 10 0.00143102
841 10 0.00143102
671 10 0.00114482
744 10 0.00114482
492 10 0.000858615
39 10 0.00057241
51 10 0.00057241
383 10 0.00057241
192 10 0.00057241
999 10 0.00286205
972 10 0.00257584
919 10 0.00200343
923 10 0.00200343
864 10 0.00171723
820 10 0.00143102
814 10 0.00143102
688 10 0.00114482
28 10 0.00057241
385 10 0.00057241
438 10 0.00057241
390 10 0.00057241
996 10 0.00286205
950 10 0.00228964
867 10 0.00171723
645 10 0.000858615
528 10 0.000858615
3 10 0.00057241
168 10 0.00057241
392 10 0.00057241
974 10 0.00257584
925 10 0.00200343
668 10 0.00114482
445 10 0.000858615
472 10 0.000858615
8 10 0.00057241
234 10 0.00057241
333 10 0.00057241
369 10 0.00057241
381 10 0.00057241
912 10 0.00200343
118 10 0.00057241
176 10 0.00057241
225 10 0.00057241
308 10 0.00057241
327 10 0.00057241
880 10 0.00171723
673 10 0.00114482
33 10 0.00057241
38 10 0.00057241
318 10 0.00057241
520 10 0.000858615
619 10 0.000858615
623 10 0.000858615
98 10 0.00057241
425 10 0.00057241
731 10 0.00114482
611 10 0.000858615
40 10 0.00057241
130 10 0.00057241
241 10 0.00057241
638 10 0.000858615
99 10 0.00057241
112 10 0.00057241
328 10 0.00057241
541 10 0.000858615
238 10 0.00057241
263 10 0.00057241
351 10 0.00057241
126 10 0.00057241
357 10 0.00057241
367 10 0.00057241
988 11 0.00286205
922 11 0.00200343
734 11 0.00114482
738 11 0.00114482
756 11 0.00114482
551 11 0.000858615
601 11 0.000858615
6 11 0.00057241
26 11 0.00057241
157 11 0.00057241
294 11 0.00057241
302 11 0.00057241
329 11 0.00057241
935 11 0.00228964
790 11 0.00143102
792 11 0.00143102
669 11 0.00114482
679 11 0.00114482
717 11 0.00114482
185 11 0.00057241
339 11 0.00057241
421 11 0.00057241
780 11 0.00143102
799 11 0.00143102
840 11 0.00143102
682 11 0.00114482
579 11 0.000858615
184 11 0.00057241
208 11 0.00057241
223 11 0.00057241
342 11 0.00057241
377 11 0.00057241
851 11 0.00171723
695 11 0.00114482
547 11 0.000858615
595 11 0.000858615
341 11 0.00057241
301 11 0.00057241
432 11 0.00057241
855 11 0.00171723
550 11 0.000858615
634 11 0.000858615
14 11 0.00057241
15 11 0.00057241
76 11 0.00057241
440 11 0.00057241
824 11 0.00143102
580 11 0.000858615
624 11 0.000858615
517 11 0.000858615
605 11 0.000858615
507 11 0.000858615
710 11 0.00114482
743 11 0.00114482
480 11 0.000858615
565 11 0.000858615
123 11 0.00057241
291 11 0.00057241
807 11 0.00143102
655 11 0.000858615
658 11 0.000858615
41 11 0.00057241
152 11 0.00057241
340 11 0.00057241
585 11 0.000858615
249 11 0.00057241
322 11 0.00057241
355 11 0.00057241
360 11 0.00057241
418 11 0.00057241
684 11 0.00114482
501 11 0.000858615
553 11 0.000858615
350 11 0.00057241
776 11 0.00143102
67 11 0.00057241
90 11 0.00057241
314 11 0.00057241
