1	2 8 12 
2	18 
3	13 
4	8 
5	18 
6	8 
7	4 17 18 
8	2 3 6 
9	2 
10	13 
11	16 
12	15 
13	6 
14	3 10 11 
15	2 10 14 
16	10 17 18 
17	1 12 13 
18	3 6 8 
19	2 12 15 
20	13 14 18 
21	4 6 10 
22	2 5 10 
23	2 
24	9 13 15 
25	1 
26	1 11 14 
27	3 
28	8 
29	8 
30	6 8 11 
31	2 8 12 
32	18 
33	1 
34	16 
35	3 9 17 
36	11 
37	6 
38	1 4 9 
39	7 
40	10 
41	4 
42	15 
43	18 
44	11 16 17 
45	1 
46	9 
47	8 11 17 
48	1 6 10 
49	2 
50	13 
51	16 
52	7 
53	5 7 12 
54	10 
55	2 8 14 
56	8 
57	1 4 13 
58	1 
59	10 14 18 
60	1 15 17 
61	12 
62	14 
63	6 11 15 
64	6 
65	4 7 9 
66	16 
67	7 8 17 
68	2 15 17 
69	18 
70	11 
71	2 
72	9 10 11 
73	4 
74	5 
75	12 
76	2 5 13 
77	18 
78	12 
79	2 8 17 
80	4 
81	15 
82	1 12 18 
83	7 13 15 
84	12 13 16 
85	3 4 5 
86	12 
87	16 
88	3 
89	8 12 17 
90	11 
91	8 
92	3 10 11 
93	1 2 9 
94	4 10 16 
95	18 
96	4 
97	1 7 15 
98	18 
99	7 13 14 
100	1 2 9 
101	3 
102	5 7 14 
103	2 
104	3 11 14 
105	2 
106	6 
107	6 
108	15 
109	18 
110	3 8 16 
111	3 15 18 
112	3 11 17 
113	3 9 16 
114	8 
115	6 7 15 
116	3 4 5 
117	7 
118	11 13 14 
119	10 
120	10 
121	8 
122	3 10 12 
123	1 5 8 
124	6 7 12 
125	9 
126	4 14 16 
127	3 4 18 
128	11 13 16 
129	4 12 13 
130	11 12 15 
131	1 2 7 
132	13 15 18 
133	7 11 16 
134	3 7 14 
135	4 13 18 
136	16 
137	1 5 15 
138	15 
139	4 6 7 
140	15 
141	2 8 15 
142	2 
143	10 
144	1 
145	9 
146	10 12 14 
147	3 9 11 
148	18 
149	18 
150	11 12 16 
151	6 9 13 
152	4 
153	7 
154	8 15 17 
155	1 
156	11 
157	5 
158	1 17 18 
159	7 8 9 
160	10 
161	1 5 11 
162	7 10 11 
163	1 8 16 
164	6 13 16 
165	7 8 13 
166	12 
167	12 
168	13 14 17 
169	7 14 17 
170	6 11 12 
171	1 12 15 
172	13 
173	18 
174	6 12 14 
175	3 4 7 
176	6 7 14 
177	18 
178	1 3 5 
179	3 
180	2 5 8 
181	7 15 16 
182	2 4 8 
183	15 
184	2 9 15 
185	9 10 15 
186	3 11 13 
187	6 7 14 
188	15 
189	13 
190	4 6 14 
191	8 
192	4 7 12 
193	7 
194	6 7 11 
195	5 
196	3 8 16 
197	10 11 17 
198	5 
199	4 
200	4 
201	7 10 17 
202	9 
203	8 9 18 
204	1 6 11 
205	12 15 17 
206	1 6 16 
207	10 17 18 
208	7 16 17 
209	2 9 15 
210	11 
211	1 7 11 
212	3 13 16 
213	2 6 18 
214	4 
215	8 
216	4 15 17 
217	10 11 15 
218	4 6 8 
219	15 
220	6 
221	13 14 16 
222	17 
223	5 7 9 
224	3 
225	2 13 18 
226	3 5 14 
227	1 
228	4 5 8 
229	2 14 17 
230	6 
231	17 
232	1 10 12 
233	11 
234	4 7 14 
235	6 11 14 
236	1 
237	14 
238	11 
239	6 14 16 
240	4 8 11 
241	4 15 17 
242	9 11 12 
243	15 
244	17 
245	5 12 15 
246	3 9 13 
247	9 10 13 
248	18 
249	4 11 17 
250	2 
251	1 9 17 
252	3 14 15 
253	17 
254	12 
255	8 
256	14 
257	8 9 15 
258	15 
259	7 
260	10 
261	9 17 18 
262	6 12 17 
263	4 7 17 
264	12 15 18 
265	8 
266	1 2 10 
267	12 13 14 
268	5 
269	5 
270	17 
271	1 13 15 
272	4 17 18 
273	2 6 11 
274	6 9 13 
275	6 10 12 
276	5 
277	16 
278	18 
279	2 4 6 
280	10 15 18 
281	16 
282	4 6 15 
283	5 
284	7 
285	2 7 16 
286	4 11 15 
287	1 14 16 
288	4 13 16 
289	10 
290	5 
291	7 
292	7 
293	5 12 15 
294	3 
295	6 7 10 
296	15 
297	13 
298	16 
299	1 6 14 
300	18 
301	5 7 17 
302	5 
303	5 6 8 
304	9 
305	11 
306	17 
307	7 9 15 
308	10 15 16 
309	1 11 12 
310	4 6 15 
311	2 
312	2 3 7 
313	1 
314	3 6 9 
315	6 8 11 
316	1 6 13 
317	12 
318	12 13 17 
319	16 
320	6 7 17 
321	4 11 16 
322	12 
323	4 6 16 
324	1 8 12 
325	3 8 10 
326	1 
327	1 6 7 
328	15 
329	13 14 17 
330	4 
331	1 3 10 
332	14 
333	1 12 14 
334	14 15 18 
335	4 6 9 
336	4 
337	10 14 15 
338	5 11 15 
339	6 14 17 
340	9 
341	4 16 17 
342	14 
343	3 7 18 
344	2 3 8 
345	17 
346	18 
347	4 5 16 
348	2 3 16 
349	5 15 17 
350	1 2 16 
351	10 
352	15 
353	3 4 5 
354	4 8 13 
355	2 
356	14 
357	10 
358	2 
359	1 2 7 
360	1 3 13 
361	2 10 12 
362	12 13 18 
363	2 
364	16 
365	4 
366	6 7 11 
367	4 8 13 
368	1 12 15 
369	14 15 17 
370	3 4 6 
371	1 3 11 
372	5 
373	12 13 15 
374	18 
375	7 
376	15 
377	1 4 9 
378	2 11 17 
379	14 
380	7 
381	8 
382	9 
383	5 
384	7 
385	1 3 7 
386	15 
387	1 3 13 
388	13 
389	13 
390	11 12 13 
391	5 
392	6 7 14 
393	13 
394	17 
395	2 7 16 
396	6 14 17 
397	16 
398	2 
399	5 
400	4 14 17 
401	3 9 18 
402	18 
403	11 
404	11 16 17 
405	15 
406	18 
407	8 10 18 
408	5 8 16 
409	8 11 16 
410	4 10 16 
411	6 10 15 
412	2 7 18 
413	3 8 14 
414	3 6 10 
415	3 4 10 
416	10 12 14 
417	12 
418	3 
419	15 
420	1 
421	12 
422	13 
423	5 9 13 
424	2 
425	12 
426	5 
427	3 
428	1 8 12 
429	11 13 18 
430	9 
431	8 
432	12 
433	12 15 18 
434	9 10 14 
435	6 16 17 
436	6 13 16 
437	14 
438	13 14 18 
439	4 7 18 
440	6 8 17 
441	1 12 14 
442	9 11 17 
443	3 5 14 
444	6 
445	4 
446	9 14 16 
447	12 
448	13 
449	10 
450	12 
451	13 
452	3 
453	2 
454	5 9 15 
455	14 
456	3 
457	7 15 16 
458	4 14 16 
459	17 
460	4 6 17 
461	4 
462	3 5 17 
463	14 
464	9 13 18 
465	7 10 11 
466	13 
467	5 11 15 
468	4 
469	1 11 12 
470	3 
471	4 
472	1 7 11 
473	15 
474	13 
475	18 
476	2 
477	17 
478	16 
479	6 
480	3 
481	4 
482	1 9 12 
483	12 
484	4 9 17 
485	8 15 16 
486	7 
487	6 14 18 
488	12 
489	16 
490	10 11 15 
491	12 14 18 
492	8 12 14 
493	3 15 16 
494	9 10 16 
495	9 
496	14 
497	3 
498	3 
499	17 
500	14 
501	3 7 8 
502	4 13 16 
503	1 13 18 
504	12 14 15 
505	2 5 6 
506	1 9 13 
507	7 10 18 
508	3 4 17 
509	1 
510	6 7 8 
511	5 10 13 
512	18 
513	16 
514	10 12 13 
515	1 13 15 
516	13 
517	2 6 16 
518	1 
519	7 10 15 
520	3 
521	3 
522	5 8 12 
523	4 
524	5 8 10 
525	9 11 14 
526	5 8 10 
527	10 11 14 
528	8 10 11 
529	5 15 18 
530	6 
531	10 14 18 
532	4 
533	2 11 14 
534	16 
535	3 
536	10 13 18 
537	8 
538	12 13 17 
539	10 17 18 
540	2 6 16 
541	17 
542	9 10 16 
543	3 5 11 
544	13 
545	12 
546	18 
547	5 
548	3 6 13 
549	1 
550	2 
551	9 
552	6 9 12 
553	10 
554	3 
555	1 3 5 
556	2 14 17 
557	10 
558	3 12 14 
559	1 3 12 
560	4 13 18 
561	4 
562	9 
563	3 9 15 
564	1 
565	6 7 8 
566	17 
567	4 5 13 
568	3 5 14 
569	14 
570	3 9 10 
571	8 15 16 
572	6 
573	16 
574	10 
575	2 3 6 
576	1 11 14 
577	2 6 18 
578	1 8 13 
579	2 
580	1 9 13 
581	9 11 13 
582	15 
583	5 10 13 
584	6 
585	13 
586	15 17 18 
587	5 12 15 
588	2 13 18 
589	6 7 17 
590	9 
591	9 
592	11 
593	13 
594	5 
595	11 
596	10 16 17 
597	2 5 18 
598	5 
599	1 
600	2 6 18 
601	1 
602	7 16 17 
603	1 
604	11 
605	3 
606	15 
607	3 9 16 
608	10 
609	12 
610	2 5 13 
611	3 5 6 
612	16 
613	11 
614	7 
615	2 7 9 
616	13 
617	1 3 7 
618	16 
619	8 
620	1 5 10 
621	8 
622	10 
623	6 
624	9 10 11 
625	1 
626	17 
627	15 
628	4 16 18 
629	3 7 15 
630	7 
631	7 
632	2 13 16 
633	1 
634	9 
635	4 6 18 
636	10 
637	8 9 14 
638	2 11 15 
639	6 
640	3 
641	10 11 17 
642	3 7 14 
643	13 
644	11 
645	1 
646	14 15 18 
647	1 5 16 
648	17 
649	1 
650	3 
651	18 
652	5 13 17 
653	5 
654	8 
655	12 13 15 
656	9 
657	2 4 9 
658	2 
659	5 
660	3 12 17 
661	18 
662	7 10 13 
663	10 
664	17 
665	2 
666	11 13 17 
667	1 3 16 
668	7 9 11 
669	2 4 14 
670	2 14 17 
671	3 
672	8 12 14 
673	4 7 16 
674	9 
675	8 12 15 
676	18 
677	3 11 14 
678	15 
679	8 
680	4 
681	2 4 5 
682	15 
683	18 
684	9 11 16 
685	2 4 16 
686	2 7 16 
687	1 6 9 
688	6 14 17 
689	16 
690	3 
691	1 8 13 
692	15 
693	4 
694	2 
695	6 13 16 
696	6 14 15 
697	5 9 10 
698	4 
699	9 
700	2 7 13 
701	15 
702	11 
703	6 12 15 
704	1 5 15 
705	14 
706	16 
707	2 
708	16 
709	6 8 15 
710	1 4 11 
711	5 9 15 
712	14 
713	17 
714	5 
715	1 
716	18 
717	6 11 18 
718	13 
719	3 
720	9 12 16 
721	3 
722	5 6 13 
723	12 
724	1 
725	16 
726	1 11 12 
727	13 
728	6 9 18 
729	2 8 10 
730	8 10 16 
731	16 
732	7 
733	15 
734	1 7 10 
735	1 3 11 
736	3 13 16 
737	5 8 9 
738	6 7 9 
739	1 12 14 
740	3 13 14 
741	1 
742	10 
743	1 4 6 
744	7 13 15 
745	9 10 18 
746	2 11 15 
747	1 8 16 
748	2 3 18 
749	9 10 11 
750	1 14 15 
751	4 8 12 
752	3 8 9 
753	14 
754	6 7 13 
755	6 
756	14 
757	12 
758	6 8 15 
759	12 
760	5 11 16 
761	12 13 17 
762	16 
763	16 
764	7 10 18 
765	17 
766	2 8 11 
767	5 
768	2 5 13 
769	16 
770	15 
771	12 
772	3 12 13 
773	13 15 18 
774	5 7 13 
775	5 
776	10 
777	15 
778	4 10 12 
779	6 
780	1 7 13 
781	18 
782	9 14 16 
783	2 
784	1 5 12 
785	10 11 14 
786	8 14 18 
787	1 10 17 
788	3 10 18 
789	3 7 13 
790	15 
791	1 5 13 
792	2 
793	6 12 14 
794	3 
795	10 11 15 
796	10 14 16 
797	2 
798	5 
799	18 
800	11 
801	3 6 7 
802	2 
803	2 12 17 
804	10 
805	7 8 11 
806	3 4 16 
807	1 6 14 
808	12 
809	12 
810	2 
811	2 
812	2 7 18 
813	1 3 10 
814	6 
815	7 12 17 
816	11 14 15 
817	2 
818	8 
819	1 5 14 
820	13 
821	3 7 12 
822	1 11 14 
823	9 15 17 
824	2 
825	11 14 18 
826	17 
827	8 
828	2 11 16 
829	9 10 15 
830	14 
831	4 
832	6 9 15 
833	2 5 7 
834	8 14 16 
835	2 10 16 
836	17 
837	4 
838	16 
839	15 
840	4 
841	2 
842	12 13 16 
843	2 11 14 
844	1 4 11 
845	4 6 11 
846	8 
847	4 5 9 
848	17 
849	1 2 9 
850	3 7 8 
851	3 6 17 
852	1 3 8 
853	18 
854	17 
855	11 15 18 
856	5 
857	2 4 16 
858	13 
859	3 11 13 
860	8 9 10 
861	17 
862	12 
863	14 
864	3 12 18 
865	3 
866	4 
867	5 
868	16 
869	2 5 7 
870	2 3 14 
871	3 6 7 
872	3 
873	13 
874	10 
875	8 
876	2 4 14 
877	10 15 17 
878	13 14 17 
879	4 5 14 
880	5 
881	1 2 18 
882	4 6 17 
883	8 
884	3 7 11 
885	4 5 13 
886	4 9 18 
887	7 
888	4 14 18 
889	1 11 15 
890	1 
891	8 12 16 
892	8 14 15 
893	1 
894	5 6 11 
895	3 6 14 
896	1 8 17 
897	3 4 13 
898	16 
899	8 13 15 
900	2 11 17 
901	1 13 16 
902	13 
903	14 
904	7 
905	4 13 17 
906	13 
907	1 6 11 
908	7 9 18 
909	13 
910	6 
911	6 
912	5 
913	2 6 11 
914	8 
915	5 6 8 
916	2 
917	13 
918	3 
919	2 
920	4 12 13 
921	8 
922	11 14 17 
923	2 
924	4 5 16 
925	3 17 18 
926	12 16 18 
927	5 
928	2 
929	9 13 18 
930	15 
931	15 
932	7 
933	3 7 18 
934	8 
935	1 13 18 
936	1 10 12 
937	7 8 18 
938	9 
939	5 9 18 
940	7 16 18 
941	4 10 16 
942	8 
943	11 12 17 
944	1 
945	10 17 18 
946	3 14 16 
947	17 
948	1 8 17 
949	4 13 14 
950	15 
951	3 10 17 
952	16 
953	16 
954	3 11 13 
955	2 8 18 
956	17 
957	13 
958	6 11 12 
959	10 
960	10 
961	4 
962	5 
963	18 
964	16 
965	17 
966	10 
967	16 
968	6 
969	9 
970	1 4 10 
971	2 
972	1 
973	16 
974	3 8 9 
975	1 3 14 
976	15 
977	7 
978	4 16 17 
979	12 
980	2 8 9 
981	16 
982	3 
983	11 
984	1 12 14 
985	4 5 14 
986	5 
987	4 9 18 
988	12 
989	8 
990	1 16 18 
991	14 
992	9 
993	8 13 15 
994	1 4 16 
995	4 7 13 
996	6 7 17 
997	14 
998	1 4 10 
999	17 
1000	10 
1001	2 8 16 
1002	11 16 18 
1003	14 
1004	1 2 11 
1005	11 
1006	1 2 7 
1007	10 11 15 
1008	15 
1009	8 
1010	8 
1011	1 
1012	3 7 10 
1013	2 5 12 
1014	2 5 11 
1015	7 12 16 
1016	6 10 16 
1017	6 
1018	4 
1019	4 10 16 
1020	17 
1021	12 
1022	13 
1023	6 13 18 
1024	12 
1025	6 9 13 
1026	1 8 13 
1027	4 15 18 
1028	1 
1029	1 8 10 
1030	8 
1031	7 13 14 
1032	14 16 18 
1033	1 8 16 
1034	11 12 13 
1035	8 
1036	8 9 12 
1037	1 6 16 
1038	13 
1039	6 
1040	8 
1041	4 6 7 
1042	6 8 14 
1043	5 
1044	1 
1045	13 
1046	1 10 17 
1047	12 
1048	3 9 17 
1049	14 15 17 
1050	12 
1051	10 12 17 
1052	6 12 14 
1053	13 16 18 
1054	2 7 12 
1055	9 
1056	1 4 9 
1057	16 
1058	5 13 14 
1059	5 11 15 
1060	4 9 10 
1061	11 
1062	11 
1063	3 6 17 
1064	10 
1065	9 
1066	2 3 12 
1067	8 10 17 
1068	7 10 11 
1069	1 7 11 
1070	2 
1071	13 
1072	7 8 11 
1073	4 5 9 
1074	18 
1075	15 
1076	15 
1077	2 5 11 
1078	5 6 9 
1079	7 
1080	4 
1081	10 11 18 
1082	5 
1083	9 
1084	1 9 13 
1085	5 
1086	7 11 13 
1087	7 
1088	3 14 15 
1089	6 
1090	9 
1091	4 6 8 
1092	2 9 17 
1093	1 9 15 
1094	2 10 16 
1095	4 
1096	4 7 15 
1097	12 13 17 
1098	6 
1099	4 
1100	1 9 14 
1101	4 
1102	15 
1103	1 3 15 
1104	5 12 14 
1105	3 
1106	5 12 18 
1107	6 8 11 
1108	2 9 12 
1109	1 
1110	3 
1111	5 
1112	11 
1113	3 14 16 
1114	1 2 15 
1115	9 
1116	1 16 17 
1117	10 11 12 
1118	3 13 14 
1119	3 
1120	15 
1121	3 
1122	1 17 18 
1123	1 
1124	14 
1125	2 
1126	8 
1127	4 
1128	11 14 17 
1129	1 3 7 
1130	2 4 6 
1131	6 9 12 
1132	6 7 13 
1133	14 
1134	8 
1135	4 11 18 
1136	1 
1137	8 15 16 
1138	8 
1139	5 
1140	3 6 18 
1141	8 
1142	7 
1143	1 9 10 
1144	4 17 18 
1145	5 
1146	4 
1147	3 
1148	11 
1149	1 12 13 
1150	14 
1151	3 10 16 
1152	15 
1153	6 13 16 
1154	5 9 12 
1155	11 13 18 
1156	3 9 13 
1157	4 6 11 
1158	5 
1159	3 7 15 
1160	10 11 12 
1161	3 7 17 
1162	11 
1163	15 
1164	8 
1165	3 
1166	4 9 10 
1167	6 11 15 
1168	1 14 18 
1169	11 12 13 
1170	4 11 12 
1171	17 
1172	14 15 16 
1173	7 
1174	13 17 18 
1175	1 4 17 
1176	14 
1177	4 
1178	3 5 6 
1179	6 9 10 
1180	13 15 17 
1181	5 
1182	16 
1183	1 
1184	9 
1185	4 
1186	3 5 16 
1187	2 5 18 
1188	3 
1189	2 
1190	4 16 17 
1191	11 
1192	4 6 10 
1193	6 8 17 
1194	5 13 14 
1195	9 
1196	6 9 16 
1197	10 
1198	1 
1199	1 
1200	4 8 10 
1201	14 
1202	1 
1203	13 
1204	6 16 17 
1205	13 
1206	7 
1207	3 
1208	1 5 8 
1209	2 6 11 
1210	1 
1211	3 
1212	16 
1213	10 
1214	2 6 18 
1215	6 9 12 
1216	2 6 7 
1217	1 
1218	8 
1219	3 
1220	4 8 14 
1221	5 7 15 
1222	16 
1223	11 
1224	2 4 8 
1225	14 
1226	2 
1227	6 
1228	2 5 9 
1229	9 10 11 
1230	12 
1231	2 4 9 
1232	7 16 17 
1233	4 
1234	7 16 18 
1235	8 
1236	17 
1237	2 11 12 
1238	18 
1239	5 8 12 
1240	7 10 13 
1241	3 10 12 
1242	7 10 16 
1243	11 
1244	1 6 13 
1245	1 13 17 
1246	7 12 15 
1247	1 
1248	3 
1249	2 16 17 
1250	6 
1251	2 9 13 
1252	2 
1253	1 7 10 
1254	12 13 17 
1255	8 10 14 
1256	1 2 13 
1257	11 
1258	16 
1259	5 6 16 
1260	8 
1261	1 13 17 
1262	6 9 10 
1263	3 6 14 
1264	16 
1265	2 13 15 
1266	3 
1267	6 
1268	1 
1269	13 14 18 
1270	11 15 18 
1271	5 
1272	4 16 17 
1273	3 
1274	3 6 14 
1275	7 11 15 
1276	4 
1277	8 12 14 
1278	5 
1279	4 12 18 
1280	5 15 18 
1281	7 14 16 
1282	7 
1283	14 
1284	3 
1285	3 17 18 
1286	2 12 16 
1287	1 9 17 
1288	1 12 13 
1289	1 2 5 
1290	11 
1291	3 
1292	4 
1293	18 
1294	2 6 13 
1295	2 
1296	2 
1297	9 
1298	10 
1299	4 9 14 
1300	7 8 15 
1301	3 10 11 
1302	4 7 8 
1303	4 11 14 
1304	5 
1305	1 16 18 
1306	12 15 17 
1307	1 8 18 
1308	18 
1309	1 7 10 
1310	6 15 18 
1311	2 12 16 
1312	6 
1313	9 
1314	13 
1315	4 
1316	8 
1317	6 
1318	5 7 14 
1319	8 11 18 
1320	8 12 14 
1321	4 16 18 
1322	1 5 14 
1323	11 
1324	6 11 16 
1325	6 
1326	5 14 16 
1327	7 
1328	2 8 15 
1329	18 
1330	12 
1331	1 2 17 
1332	9 
1333	10 
1334	10 
1335	15 
1336	4 7 17 
1337	6 
1338	9 
1339	7 11 12 
1340	14 
1341	1 2 16 
1342	16 
1343	6 9 11 
1344	1 10 13 
1345	5 
1346	9 15 17 
1347	11 
1348	2 3 14 
1349	4 9 17 
1350	14 
1351	3 4 5 
1352	11 
1353	5 
1354	5 9 14 
1355	9 12 13 
1356	13 
1357	7 9 18 
1358	1 4 9 
1359	12 
1360	15 
1361	1 
1362	7 
1363	14 
1364	18 
1365	7 14 18 
1366	1 5 8 
1367	1 2 5 
1368	2 11 17 
1369	15 
1370	2 5 14 
1371	3 11 17 
1372	16 
1373	2 6 10 
1374	7 
1375	6 13 14 
1376	2 
1377	14 
1378	8 11 14 
1379	17 
1380	4 13 14 
1381	7 
1382	9 
1383	12 
1384	16 
1385	9 
1386	8 
1387	1 
1388	2 
1389	2 10 13 
1390	2 
1391	17 
1392	2 
1393	2 8 10 
1394	8 
1395	8 
1396	1 3 16 
1397	3 5 17 
1398	1 2 17 
1399	8 
1400	8 
1401	2 9 13 
1402	4 5 7 
1403	1 
1404	2 9 12 
1405	8 
1406	4 13 15 
1407	8 9 11 
1408	3 5 11 
1409	1 7 16 
1410	17 
1411	5 8 17 
1412	1 10 16 
1413	4 
1414	3 5 18 
1415	4 5 9 
1416	6 8 13 
1417	7 11 18 
1418	3 
1419	4 12 13 
1420	8 16 17 
1421	13 
1422	1 
1423	4 
1424	10 
1425	7 8 16 
1426	1 
1427	4 
1428	4 12 14 
1429	1 15 16 
1430	18 
1431	1 
1432	2 7 13 
1433	9 11 15 
1434	14 
1435	4 
1436	13 
1437	9 
1438	3 4 5 
1439	4 
1440	4 
1441	6 13 16 
1442	5 
1443	1 9 10 
1444	4 
1445	3 
1446	16 
1447	12 15 17 
1448	18 
1449	4 9 12 
1450	8 13 17 
1451	11 
1452	3 7 9 
1453	12 
1454	5 
1455	14 
1456	1 7 13 
1457	6 7 8 
1458	3 7 8 
1459	7 11 14 
1460	18 
1461	6 
1462	1 5 12 
1463	15 
1464	7 10 16 
1465	1 4 11 
1466	1 4 9 
1467	13 15 17 
1468	4 5 14 
1469	3 16 18 
1470	3 
1471	14 
1472	6 11 16 
1473	4 15 18 
1474	17 
1475	10 11 16 
1476	5 6 10 
1477	16 
1478	14 
1479	7 
1480	1 
1481	1 
1482	1 6 11 
1483	4 9 16 
1484	3 
1485	3 14 15 
1486	3 7 12 
1487	7 
1488	6 9 16 
1489	7 
1490	17 
1491	10 11 15 
1492	16 
1493	16 
1494	10 12 13 
1495	13 
1496	10 
1497	6 
1498	3 8 10 
1499	10 11 14 
1500	17 
1501	4 12 18 
1502	1 9 15 
1503	4 10 15 
1504	11 
1505	1 3 7 
1506	1 11 12 
1507	10 
1508	4 
1509	5 
1510	6 
1511	18 
1512	15 
1513	17 
1514	18 
1515	1 
1516	4 
1517	1 3 16 
1518	6 12 18 
1519	1 5 7 
1520	11 12 13 
1521	8 10 16 
1522	3 
1523	11 
1524	8 
1525	2 
1526	3 
1527	3 5 10 
1528	2 
1529	14 
1530	9 13 15 
1531	1 
1532	11 
1533	3 6 18 
1534	4 
1535	14 
1536	12 
1537	10 
1538	1 4 17 
1539	5 14 15 
1540	9 
1541	13 
1542	16 
1543	1 14 18 
1544	14 
1545	9 11 17 
1546	4 8 16 
1547	5 
1548	10 11 13 
1549	3 6 8 
1550	1 8 15 
1551	6 
1552	7 17 18 
1553	7 
1554	1 3 9 
1555	18 
1556	8 
1557	17 
1558	18 
1559	16 
1560	7 8 9 
1561	17 
1562	12 
1563	2 8 11 
1564	8 
1565	2 6 16 
1566	13 
1567	4 11 17 
1568	5 
1569	5 6 17 
1570	8 
1571	5 8 16 
1572	12 
1573	5 8 16 
1574	5 6 15 
1575	18 
1576	6 
1577	2 5 14 
1578	4 
1579	10 
1580	12 
1581	15 
1582	6 
1583	13 14 18 
1584	16 
1585	7 11 14 
1586	10 
1587	2 3 6 
1588	13 
1589	10 
1590	18 
1591	5 16 17 
1592	7 9 15 
1593	10 16 18 
1594	10 
1595	16 
1596	1 
1597	13 
1598	4 
1599	13 
1600	1 11 15 
1601	8 
1602	6 10 18 
1603	3 
1604	1 12 16 
1605	5 12 16 
1606	4 9 13 
1607	2 5 15 
1608	2 4 9 
1609	6 16 18 
1610	15 
1611	15 
1612	4 9 14 
1613	2 
1614	4 8 18 
1615	12 
1616	5 
1617	8 
1618	9 
1619	10 16 17 
1620	4 
1621	14 
1622	8 9 11 
1623	10 
1624	6 
1625	5 8 16 
1626	15 
1627	2 10 13 
1628	10 13 17 
1629	8 
1630	18 
1631	2 12 15 
1632	11 15 18 
1633	5 13 15 
1634	10 
1635	11 
1636	7 
1637	6 8 16 
1638	3 10 16 
1639	7 14 15 
1640	2 9 12 
1641	12 
1642	7 
1643	2 4 10 
1644	12 
1645	15 
1646	11 
1647	9 13 14 
1648	15 
1649	3 11 16 
1650	5 6 8 
1651	18 
1652	3 
1653	9 14 18 
1654	9 16 18 
1655	2 
1656	7 
1657	2 10 12 
1658	1 4 16 
1659	6 8 10 
1660	9 
1661	1 
1662	18 
1663	7 
1664	13 15 17 
1665	9 15 17 
1666	6 9 18 
1667	2 9 14 
1668	4 11 18 
1669	11 
1670	16 
1671	3 6 12 
1672	3 14 18 
1673	5 8 10 
1674	12 13 14 
1675	5 
1676	3 4 18 
1677	7 9 16 
1678	3 
1679	3 6 14 
1680	16 
1681	5 
1682	6 7 13 
1683	6 9 17 
1684	1 12 17 
1685	17 
1686	5 
1687	5 12 13 
1688	14 
1689	6 10 18 
1690	15 16 17 
1691	5 12 13 
1692	1 2 12 
1693	5 
1694	9 11 13 
1695	1 7 10 
1696	5 
1697	16 
1698	12 13 16 
1699	2 5 9 
1700	11 13 18 
1701	3 5 6 
1702	5 
1703	5 
1704	1 5 17 
1705	3 6 14 
1706	18 
1707	4 6 16 
1708	5 10 17 
1709	7 
1710	9 11 15 
1711	2 4 16 
1712	5 
1713	8 
1714	3 5 11 
1715	2 10 11 
1716	7 
1717	1 6 15 
1718	11 16 17 
1719	1 5 14 
1720	9 
1721	6 11 18 
1722	10 
1723	14 
1724	5 
1725	12 
1726	11 15 16 
1727	16 
1728	1 
1729	7 13 15 
1730	15 
1731	1 
1732	1 10 11 
1733	7 9 13 
1734	10 
1735	8 
1736	1 2 8 
1737	17 
1738	5 
1739	13 
1740	3 
1741	12 
1742	1 7 8 
1743	6 
1744	4 
1745	3 5 6 
1746	13 
1747	12 
1748	3 
1749	7 13 14 
1750	14 15 16 
1751	9 10 15 
1752	5 
1753	6 8 11 
1754	4 8 16 
1755	3 13 14 
1756	4 
1757	6 
1758	1 13 14 
1759	9 
1760	10 16 17 
1761	2 4 14 
1762	16 
1763	4 
1764	1 8 12 
1765	2 9 16 
1766	9 13 17 
1767	6 8 18 
1768	1 12 14 
1769	12 
1770	11 
1771	4 5 16 
1772	16 
1773	4 13 14 
1774	2 
1775	5 8 16 
1776	13 
1777	3 13 18 
1778	17 
1779	3 8 9 
1780	3 
1781	13 
1782	6 
1783	4 7 9 
1784	8 
1785	6 10 15 
1786	2 11 18 
1787	4 
1788	11 
1789	2 5 11 
1790	5 
1791	13 14 15 
1792	7 8 13 
1793	1 8 17 
1794	4 
1795	3 
1796	5 8 10 
1797	9 11 15 
1798	1 12 18 
1799	12 
1800	8 10 14 
1801	2 11 17 
1802	7 16 17 
1803	1 5 18 
1804	6 8 15 
1805	12 
1806	4 11 14 
1807	2 10 13 
1808	3 7 12 
1809	7 8 17 
1810	1 17 18 
1811	17 
1812	8 
1813	16 
1814	5 12 17 
1815	11 13 16 
1816	16 
1817	3 7 8 
1818	17 
1819	5 11 18 
1820	3 17 18 
1821	4 13 14 
1822	4 6 18 
1823	15 
1824	6 
1825	6 9 18 
1826	2 5 6 
1827	1 
1828	5 
1829	14 16 18 
1830	8 9 18 
1831	12 
1832	6 
1833	6 9 15 
1834	9 
1835	15 
1836	16 
1837	10 
1838	1 
1839	5 
1840	2 9 10 
1841	2 9 13 
1842	18 
1843	4 5 16 
1844	2 6 11 
1845	1 
1846	4 7 18 
1847	15 17 18 
1848	2 4 13 
1849	9 
1850	5 9 16 
1851	1 14 18 
1852	9 
1853	5 12 18 
1854	2 6 13 
1855	11 12 13 
1856	9 17 18 
1857	11 
1858	14 
1859	8 15 17 
1860	1 2 9 
1861	2 6 15 
1862	4 7 12 
1863	15 
1864	8 
1865	3 
1866	2 
1867	3 13 18 
1868	2 10 11 
1869	13 
1870	16 
1871	4 
1872	2 12 16 
1873	6 15 18 
1874	9 10 16 
1875	1 
1876	8 14 16 
1877	7 
1878	8 
1879	15 
1880	3 5 18 
1881	5 7 15 
1882	7 
1883	9 11 18 
1884	3 
1885	1 
1886	10 
1887	3 5 18 
1888	5 7 18 
1889	18 
1890	1 3 8 
1891	4 
1892	12 
1893	9 11 17 
1894	4 
1895	18 
1896	2 
1897	3 
1898	3 
1899	4 
1900	5 
1901	13 
1902	3 4 16 
1903	12 
1904	17 
1905	5 
1906	18 
1907	16 
1908	8 
1909	1 
1910	9 
1911	4 
1912	11 13 14 
1913	4 
1914	6 9 11 
1915	1 6 17 
1916	7 13 14 
1917	3 8 17 
1918	7 12 18 
1919	4 16 18 
1920	5 13 17 
1921	10 
1922	3 16 17 
1923	6 11 15 
1924	2 
1925	1 3 14 
1926	10 
1927	7 
1928	6 7 12 
1929	1 3 15 
1930	12 
1931	3 15 16 
1932	16 
1933	6 9 10 
1934	8 
1935	3 16 18 
1936	14 
1937	1 3 11 
1938	6 
1939	13 
1940	10 11 13 
1941	13 
1942	14 16 17 
1943	17 
1944	16 
1945	2 
1946	8 16 17 
1947	10 11 18 
1948	2 11 13 
1949	3 5 15 
1950	3 5 8 
1951	2 11 16 
1952	4 11 14 
1953	10 
1954	4 13 16 
1955	4 
1956	7 10 11 
1957	11 14 18 
1958	13 
1959	8 12 18 
1960	4 
1961	3 6 17 
1962	7 
1963	3 5 7 
1964	10 
1965	12 
1966	9 
1967	2 4 16 
1968	1 4 9 
1969	4 10 14 
1970	15 
1971	2 3 4 
1972	13 
1973	5 
1974	15 
1975	4 10 16 
1976	3 10 18 
1977	7 
1978	6 8 10 
1979	5 11 16 
1980	9 
1981	4 13 17 
1982	8 10 18 
1983	9 
1984	2 5 17 
1985	15 
1986	14 
1987	7 11 13 
1988	1 
1989	16 
1990	14 
1991	1 13 15 
1992	3 8 16 
1993	1 
1994	5 7 9 
1995	15 
1996	4 
1997	5 
1998	15 
1999	17 
2000	8 12 18 
