1	6	
2	7	
3	6	
4	8	
5	9	
6	5	10	
7	3	
8	6	
9	8	
10	8	
11	2	
12	11	
13	3	
14	4	
15	4	
16	1	
17	6	
18	10	
19	7	
20	7	
21	5	
22	7	11	
23	5	
24	2	
25	7	
26	2	
27	2	
28	10	
29	2	
30	8	11	
31	11	
32	5	
33	10	
34	4	10	
35	3	10	
36	9	
37	11	
38	11	
39	10	
40	10	
41	11	
42	6	
43	7	
44	4	
45	5	
46	2	
47	2	
48	8	9	
49	7	
50	6	
51	1	
52	10	
53	6	
54	10	
55	9	
56	5	
57	4	
58	5	
59	8	
60	6	
61	1	
62	10	
63	10	
64	10	
65	2	11	
66	7	
67	4	5	
68	3	
69	2	
70	11	
71	4	
72	10	
73	2	
74	8	
75	1	
76	2	11	
77	8	
78	1	
79	5	
80	2	
81	7	
82	5	
83	3	
84	9	
85	7	8	
86	6	
87	7	
88	4	
89	1	
90	2	
91	7	
92	5	
93	1	6	
94	5	
95	8	
96	7	
97	11	
98	1	
99	5	8	
100	8	
101	11	
102	4	9	
103	6	9	
104	5	
105	7	
106	4	
107	9	
108	9	
109	1	
110	9	
111	4	
112	3	
113	4	
114	11	
115	8	
116	5	6	
117	8	
118	9	
119	4	
120	2	
121	8	
122	5	
123	4	
124	9	
125	6	
126	2	8	
127	11	
128	8	
129	10	
130	3	
131	10	
132	6	7	
133	4	10	
134	7	
135	11	
136	4	
137	1	
138	4	
139	3	
140	9	
141	10	
142	9	
143	8	
144	9	
145	10	
146	1	
147	10	
148	8	
149	1	
150	3	
151	11	
152	6	
153	8	
154	11	
155	3	
156	8	
157	5	
158	7	
159	3	
160	3	
161	11	
162	10	
163	9	
164	9	
165	9	
166	9	11	
167	10	
168	9	
169	1	
170	3	
171	8	11	
172	6	
173	11	
174	4	
175	1	
176	9	
177	11	
178	3	
179	8	
180	6	10	
181	9	
182	10	11	
183	2	10	
184	1	
185	11	
186	3	
187	5	
188	9	
189	11	
190	6	
191	6	
192	10	
193	2	
194	1	
195	2	
196	2	
197	11	
198	3	
199	10	
200	1	
201	1	
202	7	10	
203	1	
204	1	
205	6	
206	6	
207	1	
208	7	
209	10	
210	10	
211	9	
212	2	
213	4	
214	5	
215	10	
216	10	
217	4	
218	10	
219	6	
220	1	
221	1	
222	11	
223	5	
224	5	
225	11	
226	5	
227	8	
228	4	
229	10	
230	4	
231	5	
232	5	
233	2	
234	6	
235	9	
236	6	
237	2	
238	3	6	
239	7	
240	6	
241	7	
242	6	
243	4	
244	5	
245	2	3	
246	3	
247	9	
248	1	6	
249	7	11	
250	3	
251	5	
252	2	
253	1	
254	8	
255	3	
256	8	11	
257	9	
258	8	
259	4	
260	11	
261	6	
262	4	
263	1	
264	7	
265	8	
266	2	
267	9	
268	11	
269	9	
270	1	
271	10	
272	7	
273	5	
274	11	
275	5	
276	9	
277	7	
278	9	
279	9	
280	11	
281	7	
282	7	
283	8	
284	6	
285	7	
286	7	11	
287	8	
288	4	
289	8	
290	10	
291	10	
292	4	
293	11	
294	9	
295	5	
296	11	
297	10	
298	11	
299	3	
300	3	
301	9	
302	4	
303	10	
304	2	
305	8	
306	3	4	
307	7	
308	5	
309	9	
310	2	
311	6	
312	11	
313	1	
314	6	10	
315	3	10	
316	5	
317	1	
318	4	
319	7	
320	10	
321	11	
322	4	
323	4	
324	7	
325	7	
326	2	
327	7	
328	1	
329	8	
330	8	
331	5	6	
332	1	
333	1	
334	5	
335	9	
336	8	
337	11	
338	8	
339	3	
340	3	
341	4	
342	9	
343	3	
344	10	
345	11	
346	5	7	
347	2	4	
348	2	
349	4	
350	10	
351	3	
352	4	
353	1	
354	6	9	
355	11	
356	11	
357	7	
358	6	
359	5	
360	4	
361	11	
362	1	
363	3	
364	11	
365	5	
366	4	
367	10	
368	4	
369	5	
370	5	
371	4	10	
372	9	
373	11	
374	6	
375	10	
376	7	
377	9	
378	6	
379	8	
380	10	
381	1	
382	8	
383	9	
384	4	
385	4	
386	2	5	
387	6	
388	6	
389	4	
390	4	
391	1	3	
392	3	9	
393	11	
394	4	
395	7	
396	2	8	
397	2	
398	4	6	
399	4	9	
400	10	
401	10	
402	2	
403	10	
404	4	
405	3	8	
406	3	
407	4	
408	8	
409	6	
410	11	
411	2	
412	7	
413	7	
414	7	
415	8	
416	3	
417	1	8	
418	9	
419	5	6	
420	9	
421	7	11	
422	5	
423	7	
424	8	
425	2	
426	2	
427	2	
428	4	
429	8	
430	1	
431	8	
432	9	
433	4	
434	1	
435	9	
436	4	7	
437	2	
438	5	
439	7	
440	11	
441	7	
442	2	5	
443	1	
444	7	
445	4	
446	5	9	
447	2	
448	9	
449	8	
450	7	
451	11	
452	8	
453	4	
454	4	
455	6	
456	4	
457	3	7	
458	3	
459	5	6	
460	2	
461	11	
462	8	
463	4	
464	6	8	
465	11	
466	7	
467	8	
468	1	
469	2	
470	2	
471	10	
472	2	
473	1	6	
474	2	
475	3	
476	8	
477	10	
478	10	
479	2	
480	2	
481	3	6	
482	6	
483	6	
484	4	
485	3	
486	3	4	
487	2	
488	10	
489	11	
490	4	
491	5	
492	6	9	
493	5	
494	1	
495	5	
496	8	
497	4	
498	2	
499	5	
500	1	
501	10	
502	3	4	
503	9	
504	3	
505	6	
506	2	
507	5	
508	4	
509	2	
510	1	
511	5	
512	9	
513	6	
514	5	
515	6	
516	7	
517	10	
518	3	
519	2	
520	5	
521	9	
522	11	
523	2	
524	11	
525	9	
526	11	
527	2	
528	3	
529	5	
530	6	
531	8	10	
532	8	
533	3	
534	11	
535	7	
536	3	
537	6	
538	4	10	
539	9	
540	1	3	
541	10	
542	8	
543	3	
544	1	
545	3	
546	6	
547	10	
548	10	
549	11	
550	7	
551	3	
552	11	
553	9	
554	3	9	
555	3	
556	4	
557	8	
558	3	
559	4	
560	11	
561	7	
562	3	
563	10	
564	4	
565	9	
566	10	
567	4	
568	8	11	
569	3	
570	10	
571	9	
572	8	
573	7	
574	9	
575	11	
576	7	
577	3	
578	2	
579	11	
580	5	
581	8	
582	10	
583	2	
584	3	
585	9	
586	9	
587	2	
588	7	
589	4	
590	10	
591	6	
592	8	
593	7	
594	6	
595	10	
596	3	5	
597	10	
598	7	
599	5	
600	3	
601	7	
602	4	10	
603	7	
604	5	
605	2	
606	10	
607	2	7	
608	8	
609	6	10	
610	11	
611	3	10	
612	7	
613	2	
614	6	
615	11	
616	11	
617	3	
618	9	
619	7	
620	1	
621	8	
622	8	
623	7	
624	5	
625	10	
626	1	
627	10	
628	8	
629	1	
630	7	9	
631	6	
632	4	
633	9	
634	10	
635	1	
636	8	
637	8	
638	9	
639	6	
640	2	
641	1	
642	3	
643	6	
644	10	
645	8	
646	8	
647	5	
648	11	
649	8	
650	5	6	
651	3	
652	6	7	
653	10	
654	7	
655	3	
656	1	
657	8	
658	5	
659	5	
660	7	
661	5	
662	2	
663	7	
664	3	
665	2	
666	7	
667	10	
668	11	
669	9	
670	9	
671	3	
672	8	
673	6	
674	6	
675	3	
676	8	
677	9	
678	10	
679	9	
680	1	
681	5	
682	3	
683	5	
684	8	
685	5	
686	5	
687	4	
688	10	
689	10	
690	5	
691	6	
692	9	
693	3	
694	8	
695	2	
696	2	
697	7	
698	1	
699	1	
700	11	
701	4	
702	1	
703	5	
704	4	
705	6	
706	5	
707	9	
708	2	
709	3	
710	5	
711	3	
712	2	
713	11	
714	8	
715	4	
716	11	
717	5	
718	9	
719	11	
720	8	
721	11	
722	6	
723	4	
724	3	
725	1	
726	11	
727	5	
728	6	
729	6	
730	5	
731	8	
732	4	8	
733	6	
734	7	
735	7	
736	4	
737	7	
738	4	11	
739	6	
740	5	
741	9	
742	9	
743	8	
744	10	
745	10	
746	8	
747	8	
748	11	
749	9	
750	5	
751	3	
752	8	
753	1	10	
754	4	
755	10	
756	3	
757	1	
758	5	
759	6	
760	11	
761	11	
762	10	
763	1	9	
764	9	
765	11	
766	6	
767	5	
768	10	
769	8	
770	3	
771	8	
772	1	
773	1	
774	2	
775	4	
776	5	
777	9	
778	10	
779	5	10	
780	8	
781	3	
782	5	
783	5	
784	8	
785	9	
786	2	
787	5	
788	9	
789	8	
790	9	
791	8	
792	11	
793	3	
794	5	
795	2	
796	5	
797	2	
798	8	
799	3	
800	4	
801	2	
802	9	
803	10	
804	1	
805	8	
806	1	7	
807	1	
808	7	
809	6	
810	3	
811	8	9	
812	4	
813	6	
814	3	
815	10	
816	1	
817	3	
818	1	
819	6	
820	10	
821	10	
822	6	
823	6	
824	1	
825	7	
826	10	
827	1	
828	1	
829	7	
830	9	
831	7	
832	7	
833	2	
834	6	
835	6	
836	9	
837	2	3	
838	4	
839	5	
840	5	
841	6	
842	8	
843	8	
844	1	
845	8	
846	5	
847	2	6	
848	7	
849	1	
850	2	
851	2	
852	6	
853	3	
854	3	
855	6	
856	2	
857	7	9	
858	6	
859	2	
860	5	
861	4	
862	9	
863	5	7	
864	9	
865	2	
866	6	
867	6	8	
868	8	
869	1	
870	11	
871	3	7	
872	4	
873	1	11	
874	6	
875	6	
876	4	
877	7	
878	5	
879	11	
880	5	
881	5	
882	1	
883	1	
884	6	
885	4	
886	8	
887	11	
888	3	
889	6	
890	1	
891	4	11	
892	4	
893	8	
894	1	
895	4	
896	3	
897	5	
898	7	11	
899	1	
900	10	
901	2	3	
902	8	
903	4	
904	9	
905	3	
906	8	
907	1	2	
908	7	
909	7	
910	11	
911	1	
912	5	
913	1	
914	10	
915	1	
916	5	
917	7	
918	5	
919	11	
920	7	
921	7	
922	2	
923	6	
924	4	
925	7	
926	2	
927	4	
928	11	
929	11	
930	2	
931	4	
932	1	4	
933	8	
934	5	
935	9	
936	1	9	
937	1	6	
938	5	
939	9	
940	11	
941	9	11	
942	8	
943	7	
944	9	
945	2	
946	5	
947	5	
948	8	
949	9	
950	11	
951	6	
952	11	
953	3	
954	8	
955	5	
956	11	
957	8	
958	2	10	
959	4	
960	2	
961	10	
962	8	
963	6	
964	5	
965	5	9	
966	9	
967	1	
968	2	
969	5	
970	4	9	
971	5	
972	11	
973	2	
974	9	
975	6	
976	10	
977	7	
978	4	
979	2	
980	8	
981	1	
982	9	
983	2	8	
984	2	
985	5	
986	9	11	
987	11	
988	6	
989	1	
990	2	
991	5	
992	4	
993	6	
994	11	
995	2	6	
996	1	
997	10	
998	7	
999	1	
1000	2	
