987 1 0.00283126
994 1 0.00283126
919 1 0.00226501
928 1 0.00226501
941 1 0.00226501
260 1 0.000566251
345 1 0.000566251
364 1 0.000566251
952 1 0.00254813
940 1 0.00226501
716 1 0.0011325
721 1 0.0011325
726 1 0.0011325
560 1 0.000849377
12 1 0.000566251
293 1 0.000566251
972 1 0.00254813
929 1 0.00226501
898 1 0.00198188
610 1 0.000849377
38 1 0.000566251
272 1 0.000566251
355 1 0.000566251
421 1 0.000566251
956 1 0.00254813
887 1 0.00198188
879 1 0.00169875
617 1 0.000849377
41 1 0.000566251
101 1 0.000566251
177 1 0.000566251
873 1 0.00169875
792 1 0.00141563
761 1 0.0011325
98 1 0.000566251
204 1 0.000566251
356 1 0.000566251
393 1 0.000566251
950 1 0.00254813
533 1 0.000849377
549 1 0.000849377
68 1 0.000566251
127 1 0.000566251
173 1 0.000566251
236 1 0.000566251
910 1 0.00198188
870 1 0.00169875
135 1 0.000566251
185 1 0.000566251
483 1 0.000566251
280 1 0.000566251
373 1 0.000566251
700 1 0.0011325
615 1 0.000849377
579 1 0.000849377
70 1 0.000566251
91 1 0.000566251
222 1 0.000566251
249 1 0.000566251
286 1 0.000566251
450 1 0.000566251
690 1 0.0011325
713 1 0.0011325
748 1 0.0011325
575 1 0.000849377
56 1 0.000566251
365 1 0.000566251
361 1 0.000566251
760 1 0.0011325
719 1 0.0011325
522 1 0.000849377
37 1 0.000566251
97 1 0.000566251
151 1 0.000566251
268 1 0.000566251
986 1 0.00283126
534 1 0.000849377
247 1 0.000566251
435 1 0.000566251
465 1 0.000566251
790 1 0.00141563
692 1 0.0011325
492 1 0.000849377
521 1 0.000849377
114 1 0.000566251
765 1 0.0011325
489 1 0.000849377
154 1 0.000566251
189 1 0.000566251
274 1 0.000566251
298 1 0.000566251
440 1 0.000566251
668 1 0.0011325
524 1 0.000849377
648 1 0.000849377
31 1 0.000566251
296 1 0.000566251
410 1 0.000566251
526 1 0.000849377
616 1 0.000849377
22 1 0.000566251
337 1 0.000566251
461 1 0.000566251
753 1 0.0011325
33 1 0.000566251
137 1 0.000566251
229 1 0.000566251
400 1 0.000566251
552 1 0.000849377
197 1 0.000566251
312 1 0.000566251
321 1 0.000566251
965 2 0.00254813
971 2 0.00254813
916 2 0.00226501
918 2 0.00226501
947 2 0.00226501
860 2 0.00169875
782 2 0.00141563
710 2 0.0011325
727 2 0.0011325
491 2 0.000849377
21 2 0.000566251
231 2 0.000566251
991 2 0.00283126
955 2 0.00254813
964 2 0.00254813
934 2 0.00226501
946 2 0.00226501
499 2 0.000849377
604 2 0.000849377
45 2 0.000566251
92 2 0.000566251
985 2 0.00283126
938 2 0.00226501
880 2 0.00169875
787 2 0.00141563
794 2 0.00141563
624 2 0.000849377
226 2 0.000566251
79 2 0.000566251
422 2 0.000566251
969 2 0.00254813
839 2 0.00169875
840 2 0.00169875
878 2 0.00169875
661 2 0.0011325
369 2 0.000566251
897 2 0.00198188
740 2 0.0011325
750 2 0.0011325
82 2 0.000566251
116 2 0.000566251
214 2 0.000566251
251 2 0.000566251
846 2 0.00169875
658 2 0.0011325
730 2 0.0011325
244 2 0.000566251
386 2 0.000566251
402 2 0.000566251
796 2 0.00141563
758 2 0.0011325
507 2 0.000849377
632 2 0.000849377
275 2 0.000566251
308 2 0.000566251
912 2 0.00226501
520 2 0.000849377
359 2 0.000566251
442 2 0.000566251
104 2 0.000566251
881 2 0.00169875
706 2 0.0011325
511 2 0.000849377
580 2 0.000849377
776 2 0.00141563
659 2 0.0011325
717 2 0.0011325
514 2 0.000849377
783 2 0.00141563
703 2 0.0011325
767 2 0.0011325
599 2 0.000849377
685 2 0.0011325
625 2 0.000849377
157 2 0.000566251
202 2 0.000566251
438 2 0.000566251
471 2 0.000566251
681 2 0.0011325
32 2 0.000566251
186 2 0.000566251
232 2 0.000566251
245 2 0.000566251
480 2 0.000566251
493 2 0.000849377
650 2 0.000849377
67 2 0.000566251
243 2 0.000566251
262 2 0.000566251
463 2 0.000566251
683 2 0.0011325
686 2 0.0011325
529 2 0.000849377
370 2 0.000566251
954 3 0.00254813
957 3 0.00254813
893 3 0.00198188
842 3 0.00169875
845 3 0.00169875
868 3 0.00169875
798 3 0.00141563
694 3 0.0011325
608 3 0.000849377
637 3 0.000849377
11 3 0.000566251
143 3 0.000566251
289 3 0.000566251
326 3 0.000566251
379 3 0.000566251
962 3 0.00254813
933 3 0.00226501
906 3 0.00198188
676 3 0.0011325
747 3 0.0011325
557 3 0.000849377
646 3 0.000849377
283 3 0.000566251
415 3 0.000566251
424 3 0.000566251
942 3 0.00226501
843 3 0.00169875
805 3 0.00141563
780 3 0.00141563
731 3 0.0011325
495 3 0.000849377
496 3 0.000849377
622 3 0.000849377
115 3 0.000566251
156 3 0.000566251
187 3 0.000566251
980 3 0.00283126
948 3 0.00226501
769 3 0.0011325
771 3 0.0011325
572 3 0.000849377
581 3 0.000849377
636 3 0.000849377
77 3 0.000566251
153 3 0.000566251
408 3 0.000566251
657 3 0.0011325
732 3 0.0011325
743 3 0.0011325
645 3 0.000849377
532 3 0.000849377
592 3 0.000849377
59 3 0.000566251
886 3 0.00198188
714 3 0.0011325
568 3 0.000849377
10 3 0.000566251
117 3 0.000566251
256 3 0.000566251
382 3 0.000566251
907 3 0.00198188
578 3 0.000849377
29 3 0.000566251
126 3 0.000566251
309 3 0.000566251
460 3 0.000566251
902 3 0.00198188
684 3 0.0011325
215 3 0.000566251
254 3 0.000566251
271 3 0.000566251
720 3 0.0011325
672 3 0.0011325
58 3 0.000566251
122 3 0.000566251
9 3 0.000566251
330 3 0.000566251
542 3 0.000849377
649 3 0.000849377
95 3 0.000566251
258 3 0.000566251
338 3 0.000566251
476 3 0.000566251
784 3 0.00141563
621 3 0.000849377
30 3 0.000566251
99 3 0.000566251
265 3 0.000566251
809 3 0.00141563
674 3 0.0011325
128 3 0.000566251
464 3 0.000566251
628 3 0.000849377
4 3 0.000566251
100 3 0.000566251
462 3 0.000566251
634 3 0.000849377
74 3 0.000566251
147 3 0.000566251
314 3 0.000566251
175 3 0.000566251
287 3 0.000566251
417 3 0.000566251
148 3 0.000566251
227 3 0.000566251
452 3 0.000566251
984 4 0.00283126
995 4 0.00283126
922 4 0.00226501
926 4 0.00226501
850 4 0.00169875
833 4 0.00141563
73 4 0.000566251
252 4 0.000566251
930 4 0.00226501
851 4 0.00169875
856 4 0.00169875
865 4 0.00169875
708 4 0.0011325
487 4 0.000849377
605 4 0.000849377
51 4 0.000566251
69 4 0.000566251
397 4 0.000566251
1000 4 0.00283126
979 4 0.00254813
786 4 0.00141563
797 4 0.00141563
662 4 0.0011325
212 4 0.000566251
425 4 0.000566251
973 4 0.00254813
945 4 0.00226501
859 4 0.00169875
801 4 0.00141563
27 4 0.000566251
348 4 0.000566251
469 4 0.000566251
990 4 0.00283126
960 4 0.00254813
587 4 0.000849377
47 4 0.000566251
90 4 0.000566251
437 4 0.000566251
958 4 0.00254813
582 4 0.000849377
498 4 0.000849377
501 4 0.000849377
193 4 0.000566251
141 4 0.000566251
182 4 0.000566251
209 4 0.000566251
983 4 0.00283126
696 4 0.0011325
523 4 0.000849377
640 4 0.000849377
426 4 0.000566251
470 4 0.000566251
968 4 0.00254813
506 4 0.000849377
583 4 0.000849377
80 4 0.000566251
304 4 0.000566251
472 4 0.000566251
847 4 0.00169875
795 4 0.00141563
712 4 0.0011325
233 4 0.000566251
65 4 0.000566251
134 4 0.000566251
695 4 0.0011325
509 4 0.000849377
613 4 0.000849377
195 4 0.000566251
237 4 0.000566251
474 4 0.000566251
479 4 0.000566251
665 4 0.0011325
24 4 0.000566251
310 4 0.000566251
120 4 0.000566251
266 4 0.000566251
411 4 0.000566251
427 4 0.000566251
497 4 0.000849377
145 4 0.000566251
230 4 0.000566251
371 4 0.000566251
396 4 0.000566251
403 4 0.000566251
519 4 0.000849377
26 4 0.000566251
46 4 0.000566251
196 4 0.000566251
446 4 0.000566251
774 4 0.0011325
607 4 0.000849377
447 4 0.000566251
94 4 0.000566251
183 4 0.000566251
223 4 0.000566251
996 5 0.00283126
967 5 0.00254813
911 5 0.00226501
937 5 0.00226501
890 5 0.00198188
818 5 0.00141563
981 5 0.00283126
989 5 0.00283126
932 5 0.00226501
849 5 0.00169875
698 5 0.0011325
328 5 0.000566251
913 5 0.00226501
915 5 0.00226501
804 5 0.00141563
807 5 0.00141563
221 5 0.000566251
263 5 0.000566251
332 5 0.000566251
381 5 0.000566251
434 5 0.000566251
894 5 0.00198188
702 5 0.0011325
527 5 0.000849377
635 5 0.000849377
544 5 0.000849377
76 5 0.000566251
207 5 0.000566251
473 5 0.000566251
999 5 0.00283126
824 5 0.00141563
629 5 0.000849377
317 5 0.000566251
203 5 0.000566251
844 5 0.00169875
827 5 0.00141563
816 5 0.00141563
61 5 0.000566251
391 5 0.000566251
430 5 0.000566251
869 5 0.00169875
828 5 0.00141563
680 5 0.0011325
109 5 0.000566251
149 5 0.000566251
169 5 0.000566251
656 5 0.0011325
725 5 0.0011325
16 5 0.000566251
78 5 0.000566251
253 5 0.000566251
333 5 0.000566251
443 5 0.000566251
468 5 0.000566251
899 5 0.00198188
883 5 0.00169875
641 5 0.000849377
146 5 0.000566251
220 5 0.000566251
882 5 0.00169875
757 5 0.0011325
773 5 0.0011325
620 5 0.000849377
270 5 0.000566251
699 5 0.0011325
550 5 0.000849377
603 5 0.000849377
241 5 0.000566251
772 5 0.0011325
194 5 0.000566251
353 5 0.000566251
362 5 0.000566251
486 5 0.000849377
540 5 0.000849377
322 5 0.000566251
340 5 0.000566251
953 6 0.00254813
905 6 0.00198188
853 6 0.00169875
871 6 0.00169875
781 6 0.00141563
709 6 0.0011325
518 6 0.000849377
555 6 0.000849377
103 6 0.000566251
238 6 0.000566251
299 6 0.000566251
888 6 0.00198188
854 6 0.00169875
817 6 0.00141563
693 6 0.0011325
756 6 0.0011325
485 6 0.000849377
600 6 0.000849377
300 6 0.000566251
406 6 0.000566251
793 6 0.00141563
655 6 0.0011325
682 6 0.0011325
751 6 0.0011325
536 6 0.000849377
551 6 0.000849377
339 6 0.000566251
343 6 0.000566251
814 6 0.00141563
711 6 0.0011325
611 6 0.000849377
528 6 0.000849377
651 6 0.000849377
596 6 0.000849377
40 6 0.000566251
150 6 0.000566251
799 6 0.00141563
539 6 0.000849377
171 6 0.000566251
176 6 0.000566251
392 6 0.000566251
405 6 0.000566251
449 6 0.000566251
475 6 0.000566251
901 6 0.00198188
724 6 0.0011325
770 6 0.0011325
255 6 0.000566251
351 6 0.000566251
675 6 0.0011325
577 6 0.000849377
558 6 0.000849377
83 6 0.000566251
217 6 0.000566251
246 6 0.000566251
896 6 0.00198188
545 6 0.000849377
35 6 0.000566251
170 6 0.000566251
297 6 0.000566251
543 6 0.000849377
139 6 0.000566251
159 6 0.000566251
160 6 0.000566251
178 6 0.000566251
198 6 0.000566251
810 6 0.00141563
664 6 0.0011325
112 6 0.000566251
130 6 0.000566251
554 6 0.000849377
584 6 0.000849377
562 6 0.000849377
569 6 0.000849377
707 6 0.0011325
144 6 0.000566251
164 6 0.000566251
165 6 0.000566251
294 6 0.000566251
504 6 0.000849377
7 6 0.000566251
57 6 0.000566251
123 6 0.000566251
318 6 0.000566251
837 6 0.00141563
642 6 0.000849377
13 6 0.000566251
671 6 0.0011325
155 6 0.000566251
250 6 0.000566251
363 6 0.000566251
502 6 0.000849377
15 6 0.000566251
323 6 0.000566251
390 6 0.000566251
306 6 0.000566251
341 6 0.000566251
416 6 0.000566251
966 7 0.00254813
944 7 0.00226501
904 7 0.00198188
785 7 0.00141563
669 7 0.0011325
500 7 0.000849377
5 7 0.000566251
36 7 0.000566251
313 7 0.000566251
935 7 0.00226501
862 7 0.00169875
811 7 0.00141563
830 7 0.00141563
836 7 0.00141563
670 7 0.0011325
166 7 0.000566251
188 7 0.000566251
278 7 0.000566251
949 7 0.00254813
936 7 0.00226501
863 7 0.00169875
777 7 0.00141563
574 7 0.000849377
585 7 0.000849377
23 7 0.000566251
982 7 0.00283126
939 7 0.00226501
791 7 0.00141563
718 7 0.0011325
565 7 0.000849377
84 7 0.000566251
168 7 0.000566251
276 7 0.000566251
974 7 0.00254813
864 7 0.00169875
764 7 0.0011325
618 7 0.000849377
48 7 0.000566251
269 7 0.000566251
110 7 0.000566251
181 7 0.000566251
677 7 0.0011325
741 7 0.0011325
742 7 0.0011325
512 7 0.000849377
257 7 0.000566251
342 7 0.000566251
383 7 0.000566251
788 7 0.00141563
525 7 0.000849377
633 7 0.000849377
28 7 0.000566251
55 7 0.000566251
140 7 0.000566251
375 7 0.000566251
789 7 0.00141563
752 7 0.0011325
121 7 0.000566251
211 7 0.000566251
235 7 0.000566251
163 7 0.000566251
467 7 0.000566251
679 7 0.0011325
749 7 0.0011325
503 7 0.000849377
630 7 0.000849377
418 7 0.000566251
571 7 0.000849377
638 7 0.000849377
118 7 0.000566251
142 7 0.000566251
279 7 0.000566251
432 7 0.000566251
586 7 0.000849377
107 7 0.000566251
267 7 0.000566251
301 7 0.000566251
335 7 0.000566251
448 7 0.000566251
494 7 0.000849377
510 7 0.000849377
647 7 0.000849377
746 7 0.0011325
179 7 0.000566251
336 7 0.000566251
988 8 0.00283126
951 8 0.00254813
923 8 0.00226501
889 8 0.00198188
874 8 0.00169875
875 8 0.00169875
813 8 0.00141563
722 8 0.0011325
614 8 0.000849377
639 8 0.000849377
643 8 0.000849377
50 8 0.000566251
206 8 0.000566251
482 8 0.000566251
852 8 0.00169875
867 8 0.00169875
819 8 0.00141563
822 8 0.00141563
835 8 0.00141563
505 8 0.000849377
513 8 0.000849377
205 8 0.000566251
455 8 0.000566251
963 8 0.00254813
975 8 0.00254813
823 8 0.00141563
537 8 0.000849377
93 8 0.000566251
200 8 0.000566251
331 8 0.000566251
409 8 0.000566251
841 8 0.00169875
866 8 0.00169875
733 8 0.0011325
546 8 0.000849377
591 8 0.000849377
125 8 0.000566251
387 8 0.000566251
993 8 0.00283126
884 8 0.00169875
53 8 0.000566251
311 8 0.000566251
378 8 0.000566251
673 8 0.0011325
728 8 0.0011325
729 8 0.0011325
631 8 0.000849377
1 8 0.000566251
3 8 0.000566251
240 8 0.000566251
834 8 0.00141563
530 8 0.000849377
8 8 0.000566251
17 8 0.000566251
234 8 0.000566251
388 8 0.000566251
451 8 0.000566251
858 8 0.00169875
42 8 0.000566251
86 8 0.000566251
190 8 0.000566251
219 8 0.000566251
242 8 0.000566251
334 8 0.000566251
855 8 0.00169875
766 8 0.0011325
358 8 0.000566251
374 8 0.000566251
481 8 0.000566251
705 8 0.0011325
759 8 0.0011325
594 8 0.000849377
419 8 0.000566251
515 8 0.000849377
184 8 0.000566251
347 8 0.000566251
354 8 0.000566251
60 8 0.000566251
152 8 0.000566251
172 8 0.000566251
191 8 0.000566251
992 9 0.00283126
959 9 0.00254813
924 9 0.00226501
891 9 0.00198188
861 9 0.00169875
872 9 0.00169875
484 9 0.000849377
490 9 0.000849377
556 9 0.000849377
564 9 0.000849377
88 9 0.000566251
360 9 0.000566251
404 9 0.000566251
885 9 0.00198188
892 9 0.00198188
903 9 0.00198188
895 9 0.00198188
800 9 0.00141563
44 9 0.000566251
389 9 0.000566251
927 9 0.00226501
931 9 0.00226501
812 9 0.00141563
736 9 0.0011325
754 9 0.0011325
174 9 0.000566251
213 9 0.000566251
366 9 0.000566251
385 9 0.000566251
978 9 0.00254813
876 9 0.00169875
691 9 0.0011325
559 9 0.000849377
602 9 0.000849377
138 9 0.000566251
288 9 0.000566251
398 9 0.000566251
775 9 0.0011325
701 9 0.0011325
723 9 0.0011325
228 9 0.000566251
445 9 0.000566251
349 9 0.000566251
453 9 0.000566251
970 9 0.00254813
802 9 0.00141563
553 9 0.000849377
225 9 0.000566251
538 9 0.000849377
589 9 0.000849377
43 9 0.000566251
346 9 0.000566251
413 9 0.000566251
102 9 0.000566251
377 9 0.000566251
394 9 0.000566251
704 9 0.0011325
508 9 0.000849377
71 9 0.000566251
111 9 0.000566251
352 9 0.000566251
399 9 0.000566251
687 9 0.0011325
715 9 0.0011325
113 9 0.000566251
407 9 0.000566251
454 9 0.000566251
838 9 0.00169875
119 9 0.000566251
292 9 0.000566251
428 9 0.000566251
738 9 0.0011325
106 9 0.000566251
136 9 0.000566251
161 9 0.000566251
456 9 0.000566251
302 9 0.000566251
384 9 0.000566251
433 9 0.000566251
998 10 0.00283126
977 10 0.00254813
920 10 0.00226501
921 10 0.00226501
943 10 0.00226501
806 10 0.00141563
808 10 0.00141563
829 10 0.00141563
737 10 0.0011325
516 10 0.000849377
588 10 0.000849377
264 10 0.000566251
324 10 0.000566251
925 10 0.00226501
908 10 0.00198188
909 10 0.00198188
832 10 0.00141563
697 10 0.0011325
612 10 0.000849377
2 10 0.000566251
327 10 0.000566251
132 10 0.000566251
285 10 0.000566251
877 10 0.00169875
654 10 0.0011325
666 10 0.0011325
739 10 0.0011325
652 10 0.000849377
248 10 0.000566251
282 10 0.000566251
441 10 0.000566251
848 10 0.00169875
663 10 0.0011325
576 10 0.000849377
593 10 0.000849377
20 10 0.000566251
277 10 0.000566251
660 10 0.0011325
734 10 0.0011325
619 10 0.000849377
601 10 0.000849377
273 10 0.000566251
376 10 0.000566251
444 10 0.000566251
831 10 0.00141563
573 10 0.000849377
66 10 0.000566251
81 10 0.000566251
105 10 0.000566251
158 10 0.000566251
825 10 0.00141563
735 10 0.0011325
25 10 0.000566251
395 10 0.000566251
96 10 0.000566251
857 10 0.00169875
281 10 0.000566251
357 10 0.000566251
439 10 0.000566251
458 10 0.000566251
917 10 0.00226501
598 10 0.000849377
623 10 0.000849377
535 10 0.000849377
49 10 0.000566251
325 10 0.000566251
87 10 0.000566251
316 10 0.000566251
319 10 0.000566251
561 10 0.000849377
19 10 0.000566251
239 10 0.000566251
412 10 0.000566251
85 10 0.000566251
307 10 0.000566251
567 10 0.000849377
208 10 0.000566251
368 10 0.000566251
414 10 0.000566251
431 10 0.000566251
466 10 0.000566251
423 10 0.000566251
436 10 0.000566251
678 11 0.0011325
689 11 0.0011325
745 11 0.0011325
755 11 0.0011325
547 11 0.000849377
570 11 0.000849377
590 11 0.000849377
14 11 0.000566251
34 11 0.000566251
131 11 0.000566251
210 11 0.000566251
320 11 0.000566251
329 11 0.000566251
997 11 0.00283126
976 11 0.00254813
900 11 0.00198188
566 11 0.000849377
52 11 0.000566251
305 11 0.000566251
803 11 0.00141563
488 11 0.000849377
517 11 0.000849377
548 11 0.000849377
595 11 0.000849377
54 11 0.000566251
72 11 0.000566251
89 11 0.000566251
201 11 0.000566251
961 11 0.00254813
744 11 0.0011325
597 11 0.000849377
644 11 0.000849377
303 11 0.000566251
478 11 0.000566251
779 11 0.00141563
820 11 0.00141563
627 11 0.000849377
39 11 0.000566251
63 11 0.000566251
224 11 0.000566251
778 11 0.00141563
541 11 0.000849377
606 11 0.000849377
129 11 0.000566251
216 11 0.000566251
459 11 0.000566251
826 11 0.00141563
531 11 0.000849377
609 11 0.000849377
261 11 0.000566251
344 11 0.000566251
429 11 0.000566251
763 11 0.0011325
626 11 0.000849377
75 11 0.000566251
108 11 0.000566251
124 11 0.000566251
372 11 0.000566251
653 11 0.0011325
62 11 0.000566251
162 11 0.000566251
180 11 0.000566251
284 11 0.000566251
350 11 0.000566251
815 11 0.00141563
667 11 0.0011325
563 11 0.000849377
291 11 0.000566251
821 11 0.00141563
199 11 0.000566251
290 11 0.000566251
367 11 0.000566251
420 11 0.000566251
762 11 0.0011325
18 11 0.000566251
295 11 0.000566251
380 11 0.000566251
477 11 0.000566251
688 11 0.0011325
768 11 0.0011325
315 11 0.000566251
457 11 0.000566251
914 11 0.00226501
167 11 0.000566251
133 11 0.000566251
192 11 0.000566251
259 11 0.000566251
401 11 0.000566251
6 11 0.000566251
64 11 0.000566251
218 11 0.000566251
