1	11 
2	2 
3	5 11 
4	3 
5	6 
6	5 6 
7	7 
8	7 
9	3 
10	5 
11	4 
12	10 
13	6 
14	10 
15	4 
16	9 
17	10 
18	11 
19	4 
20	1 
21	8 9 
22	2 
23	10 
24	9 
25	10 
26	8 
27	10 
28	11 
29	1 
30	10 
31	1 
32	7 
33	6 
34	8 
35	4 5 
36	7 
37	8 
38	5 
39	8 
40	9 10 
41	3 
42	10 
43	1 
44	1 
45	5 9 
46	10 
47	8 
48	4 6 
49	5 
50	10 
51	1 
52	8 
53	5 
54	6 
55	5 
56	1 7 
57	8 
58	9 
59	9 
60	10 
61	8 
62	2 9 
63	1 
64	11 
65	1 
66	2 
67	9 
68	4 
69	6 
70	6 8 
71	5 10 
72	8 
73	8 9 
74	1 
75	9 
76	2 
77	7 
78	8 
79	5 
80	5 
81	5 
82	5 
83	1 9 
84	5 
85	6 
86	10 
87	7 
88	7 
89	11 
90	5 
91	4 
92	7 
93	9 
94	11 
95	4 
96	8 
97	7 
98	2 
99	11 
100	8 
101	4 
102	4 
103	4 
104	11 
105	10 
106	7 
107	5 
108	8 
109	4 
110	1 9 
111	8 
112	3 
113	1 
114	1 
115	3 7 
116	8 
117	3 
118	9 
119	6 
120	1 2 
121	8 
122	1 
123	5 
124	6 
125	9 
126	4 
127	3 
128	6 
129	1 
130	6 
131	3 9 
132	10 
133	8 
134	9 
135	9 
136	6 
137	4 5 
138	6 
139	5 
140	5 
141	9 
142	4 
143	3 
144	9 
145	1 3 
146	6 
147	1 8 
148	8 
149	10 
150	2 
151	7 
152	9 
153	10 
154	9 
155	11 
156	10 
157	6 
158	6 
159	8 
160	5 
161	1 
162	2 
163	3 
164	5 
165	10 
166	11 
167	5 
168	4 
169	11 
170	10 
171	3 
172	1 
173	6 
174	11 
175	5 6 
176	5 7 
177	7 
178	4 
179	3 6 
180	8 
181	1 
182	1 
183	2 
184	4 
185	11 
186	5 
187	7 
188	11 
189	9 
190	7 
191	2 
192	9 
193	9 
194	6 9 
195	6 
196	5 
197	1 
198	8 
199	6 
200	4 10 
201	9 
202	6 
203	7 
204	4 
205	8 
206	8 
207	2 3 
208	2 
209	5 
210	6 9 
211	3 
212	8 
213	6 
214	2 
215	1 
216	1 
217	7 
218	11 
219	11 
220	9 
221	3 
222	4 9 
223	4 6 
224	2 
225	1 
226	2 
227	7 
228	10 
229	6 
230	5 8 
231	11 
232	11 
233	3 
234	1 
235	5 
236	8 
237	7 
238	10 
239	8 
240	1 
241	10 
242	11 
243	8 
244	8 10 
245	11 
246	9 
247	10 
248	2 
249	10 
250	9 
251	5 
252	5 
253	10 
254	5 
255	4 
256	7 
257	7 
258	10 
259	4 
260	6 
261	5 
262	1 
263	1 
264	7 
265	4 8 
266	8 
267	2 11 
268	5 
269	9 
270	10 
271	3 
272	2 
273	9 
274	4 
275	1 
276	8 
277	5 
278	9 
279	4 
280	9 
281	8 
282	9 
283	6 
284	8 
285	1 
286	2 
287	7 
288	1 
289	10 
290	5 
291	4 
292	9 
293	2 
294	9 
295	9 
296	8 
297	3 
298	6 
299	6 
300	6 
301	4 
302	3 
303	10 
304	3 
305	11 
306	5 
307	2 
308	11 
309	3 9 
310	2 
311	2 5 
312	3 10 
313	5 
314	10 
315	4 
316	2 
317	8 
318	6 
319	3 
320	10 
321	10 
322	6 
323	5 
324	4 
325	1 
326	10 
327	2 
328	10 
329	6 
330	1 
331	3 
332	1 
333	2 
334	3 
335	8 
336	1 
337	4 9 
338	5 
339	8 
340	2 
341	3 
342	6 
343	7 
344	8 
345	5 
346	5 6 
347	6 
348	7 
349	2 3 
350	4 
351	7 11 
352	7 
353	5 
354	9 
355	6 
356	6 8 
357	6 
358	10 
359	10 
360	7 
361	8 
362	1 4 
363	9 
364	10 
365	7 
366	3 
367	5 
368	4 
369	4 
370	1 
371	8 
372	3 6 
373	5 
374	10 
375	7 
376	10 
377	2 
378	8 
379	1 
380	3 
381	11 
382	10 
383	4 
384	10 
385	10 
386	3 
387	1 
388	11 
389	11 
390	6 
391	11 
392	11 
393	11 
394	2 
395	6 
396	2 4 
397	7 
398	1 
399	2 
400	8 
401	11 
402	9 
403	8 
404	2 9 
405	2 
406	4 
407	8 
408	3 6 
409	8 
410	7 
411	1 
412	2 
413	8 
414	6 11 
415	3 
416	6 
417	4 
418	5 
419	3 
420	3 
421	8 
422	10 
423	8 
424	6 
425	8 
426	8 
427	7 
428	9 
429	1 6 
430	2 6 
431	9 
432	2 
433	10 
434	2 
435	11 
436	10 
437	8 
438	3 
439	6 
440	1 11 
441	8 
442	2 8 
443	1 4 
444	10 
445	7 
446	1 
447	4 
448	4 
449	7 
450	11 
451	2 5 
452	9 
453	2 
454	3 
455	4 
456	10 
457	9 
458	10 
459	4 
460	1 11 
461	5 
462	8 
463	2 
464	3 5 
465	7 
466	5 
467	6 
468	11 
469	9 
470	5 
471	6 
472	3 
473	7 
474	10 
475	6 
476	1 
477	1 
478	7 
479	9 
480	1 
481	8 
482	7 
483	4 
484	11 
485	6 
486	9 
487	3 
488	8 
489	4 
490	2 
491	7 
492	9 
493	11 
494	11 
495	8 
496	3 
497	5 
498	3 
499	5 
500	11 
501	7 
502	5 
503	2 
504	5 
505	7 
506	3 
507	4 
508	1 
509	3 7 
510	3 
511	1 
512	11 
513	6 
514	1 
515	3 4 
516	2 
517	7 
518	4 
519	10 
520	9 
521	6 
522	1 3 
523	4 
524	2 
525	6 
526	7 
527	3 
528	8 10 
529	11 
530	7 
531	5 6 
532	4 
533	5 
534	9 
535	7 
536	2 
537	4 
538	4 
539	10 
540	10 
541	2 
542	1 
543	4 
544	2 10 
545	8 
546	3 
547	2 
548	2 
549	4 
550	4 
551	2 
552	3 7 
553	9 
554	8 
555	6 
556	10 
557	1 
558	11 
559	4 6 
560	11 
561	8 
562	5 
563	5 
564	3 
565	1 
566	3 
567	4 
568	5 
569	7 
570	10 
571	10 
572	4 
573	8 
574	3 
575	8 
576	11 
577	1 
578	11 
579	3 
580	11 
581	5 
582	9 
583	10 
584	6 
585	4 
586	2 
587	3 
588	6 
589	11 
590	9 
591	4 
592	4 
593	8 
594	2 4 
595	11 
596	11 
597	11 
598	6 9 
599	7 
600	4 
601	11 
602	4 
603	1 
604	3 
605	10 
606	4 
607	6 
608	4 6 
609	3 
610	3 
611	8 
612	2 
613	3 8 
614	3 
615	10 
616	11 
617	3 
618	11 
619	8 
620	6 
621	9 
622	6 
623	4 5 
624	6 
625	8 
626	4 
627	5 
628	6 
629	1 
630	11 
631	6 
632	8 
633	6 8 
634	5 
635	3 
636	2 3 
637	2 
638	9 
639	2 
640	1 
641	1 
642	3 
643	3 7 
644	5 6 
645	9 
646	1 
647	11 
648	5 
649	1 
650	9 
651	3 7 
652	7 
653	5 
654	8 
655	2 
656	1 
657	9 
658	6 
659	6 
660	10 
661	8 
662	8 
663	9 
664	9 
665	7 
666	6 
667	10 
668	4 
669	3 
670	10 
671	4 
672	1 
673	5 
674	9 
675	4 
676	6 
677	4 
678	5 10 
679	7 
680	3 
681	4 10 
682	8 
683	2 9 
684	6 
685	2 
686	3 
687	2 
688	4 5 
689	7 10 
690	9 
691	6 
692	1 
693	5 8 
694	7 9 
695	8 
696	5 
697	7 
698	3 
699	5 
700	6 
701	1 
702	8 
703	11 
704	2 
705	9 
706	8 11 
707	4 
708	1 
709	11 
710	1 
711	4 
712	5 
713	6 
714	5 6 
715	11 
716	3 
717	11 
718	6 
719	2 
720	7 
721	1 
722	6 
723	3 
724	3 7 
725	8 
726	7 
727	2 
728	9 
729	11 
730	2 
731	3 
732	8 
733	9 
734	9 
735	1 
736	11 
737	3 
738	1 
739	7 
740	11 
741	3 
742	9 
743	5 
744	6 10 
745	11 
746	4 
747	4 
748	2 
749	2 
750	5 
751	2 
752	7 
753	2 
754	3 
755	1 
756	1 
757	6 
758	1 
759	1 
760	8 
761	8 
762	10 
763	3 
764	11 
765	3 
766	3 
767	7 
768	9 
769	8 
770	3 
771	8 
772	8 10 
773	1 
774	1 
775	7 
776	10 
777	6 
778	4 
779	9 
780	7 
781	11 
782	8 
783	3 
784	9 
785	4 
786	4 
787	7 
788	7 
789	1 
790	8 
791	3 
792	1 
793	3 
794	11 
795	6 
796	3 
797	5 6 
798	11 
799	1 
800	1 
801	7 
802	8 
803	7 
804	2 
805	4 
806	6 
807	10 11 
808	3 
809	5 
810	7 
811	1 
812	4 8 
813	6 
814	2 
815	9 
816	6 
817	11 
818	10 
819	7 
820	1 
821	5 
822	7 
823	10 
824	4 
825	6 
826	11 
827	8 
828	9 
829	7 
830	3 
831	11 
832	6 
833	2 
834	5 
835	4 
836	5 
837	5 
838	9 
839	4 
840	3 
841	2 
842	8 
843	3 
844	9 10 
845	1 
846	7 
847	10 
848	5 
849	4 
850	8 
851	2 
852	9 
853	2 
854	3 
855	11 
856	7 
857	5 
858	6 
859	7 
860	11 
861	1 
862	3 
863	10 
864	8 
865	9 
866	2 
867	6 
868	7 
869	8 
870	4 
871	1 
872	1 
873	1 
874	2 
875	4 9 
876	10 
877	11 
878	10 
879	3 9 
880	1 
881	11 
882	11 
883	2 
884	8 
885	11 
886	7 
887	8 
888	11 
889	7 
890	7 
891	10 
892	3 
893	5 
894	3 
895	3 
896	1 
897	7 
898	2 
899	7 
900	2 
901	3 7 
902	5 
903	1 
904	9 
905	3 
906	11 
907	2 
908	1 
909	2 
910	2 
911	4 
912	10 
913	2 
914	8 
915	11 
916	6 
917	7 
918	2 
919	8 
920	7 
921	10 
922	11 
923	7 
924	7 
925	9 
926	5 
927	7 
928	5 
929	5 
930	2 4 
931	3 9 
932	10 
933	1 3 
934	7 
935	6 11 
936	10 
937	7 
938	2 
939	10 
940	6 
941	10 
942	6 
943	11 
944	10 
945	4 
946	6 
947	1 
948	10 
949	11 
950	5 
951	8 
952	6 
953	11 
954	1 
955	4 
956	5 
957	10 
958	11 
959	4 
960	5 
961	4 
962	3 
963	2 11 
964	2 5 
965	5 
966	5 
967	1 
968	2 
969	4 
970	8 
971	11 
972	5 
973	10 
974	5 
975	3 
976	2 
977	8 
978	8 
979	1 
980	5 
981	10 
982	8 9 
983	10 
984	1 7 
985	10 
986	6 
987	9 
988	9 
989	5 
990	10 
991	7 
992	9 
993	10 
994	6 
995	6 
996	3 
997	4 
998	5 
999	9 
1000	3 
