970 1 0.00259067
919 1 0.00201497
782 1 0.00143926
732 1 0.00115141
462 1 0.000863558
654 1 0.000863558
212 1 0.000575705
266 1 0.000575705
978 1 0.00259067
884 1 0.00172712
761 1 0.00115141
619 1 0.000863558
180 1 0.000575705
37 1 0.000575705
78 1 0.000575705
108 1 0.000575705
133 1 0.000575705
205 1 0.000575705
951 1 0.00230282
864 1 0.00172712
725 1 0.00115141
760 1 0.00115141
611 1 0.000863558
545 1 0.000863558
239 1 0.000575705
423 1 0.000575705
914 1 0.00201497
790 1 0.00143926
771 1 0.00115141
695 1 0.00115141
61 1 0.000575705
52 1 0.000575705
100 1 0.000575705
111 1 0.000575705
159 1 0.000575705
977 1 0.00259067
802 1 0.00143926
473 1 0.000863558
495 1 0.000863558
575 1 0.000863558
39 1 0.000575705
106 1 0.000575705
236 1 0.000575705
786 1 0.00143926
842 1 0.00143926
681 1 0.00115141
772 1 0.00115141
606 1 0.000863558
95 1 0.000575705
350 1 0.000575705
437 1 0.000575705
888 1 0.00172712
869 1 0.00172712
706 1 0.00115141
736 1 0.00115141
625 1 0.000863558
169 1 0.000575705
403 1 0.000575705
662 1 0.00115141
769 1 0.00115141
682 1 0.00115141
593 1 0.000863558
47 1 0.000575705
413 1 0.000575705
442 1 0.000575705
850 1 0.00143926
827 1 0.00143926
34 1 0.000575705
426 1 0.000575705
72 1 0.000575705
317 1 0.000575705
230 1 0.000575705
812 1 0.00143926
702 1 0.00115141
507 1 0.000863558
550 1 0.000863558
344 1 0.000575705
488 1 0.000863558
528 1 0.000863558
632 1 0.000863558
17 1 0.000575705
148 1 0.000575705
436 1 0.000575705
554 1 0.000863558
561 1 0.000863558
57 1 0.000575705
243 1 0.000575705
276 1 0.000575705
425 1 0.000575705
887 1 0.00172712
679 1 0.00115141
121 1 0.000575705
287 1 0.000575705
670 1 0.00115141
776 1 0.00115141
76 1 0.000575705
241 1 0.000575705
422 1 0.000575705
472 1 0.000863558
585 1 0.000863558
613 1 0.000863558
302 1 0.000575705
371 1 0.000575705
481 1 0.000863558
489 1 0.000863558
198 1 0.000575705
204 1 0.000575705
573 1 0.000863558
26 1 0.000575705
339 1 0.000575705
421 1 0.000575705
571 1 0.000863558
165 1 0.000575705
244 1 0.000575705
374 1 0.000575705
21 1 0.000575705
141 1 0.000575705
206 1 0.000575705
23 1 0.000575705
46 1 0.000575705
170 1 0.000575705
116 1 0.000575705
261 1 0.000575705
407 1 0.000575705
989 2 0.00287853
965 2 0.00259067
974 2 0.00259067
980 2 0.00259067
950 2 0.00230282
956 2 0.00230282
960 2 0.00230282
928 2 0.00201497
581 2 0.000863558
634 2 0.000863558
139 2 0.000575705
160 2 0.000575705
268 2 0.000575705
313 2 0.000575705
345 2 0.000575705
972 2 0.00259067
926 2 0.00201497
821 2 0.00143926
848 2 0.00143926
750 2 0.00115141
497 2 0.000863558
533 2 0.000863558
55 2 0.000575705
123 2 0.000575705
998 2 0.00287853
929 2 0.00201497
902 2 0.00172712
696 2 0.00115141
699 2 0.00115141
82 2 0.000575705
84 2 0.000575705
338 2 0.000575705
367 2 0.000575705
966 2 0.00259067
857 2 0.00172712
809 2 0.00143926
836 2 0.00143926
743 2 0.00115141
461 2 0.000863558
38 2 0.000575705
893 2 0.00172712
837 2 0.00143926
797 2 0.00143926
470 2 0.000863558
504 2 0.000863558
555 2 0.000863558
563 2 0.000863558
140 2 0.000575705
361 2 0.000575705
393 2 0.000575705
834 2 0.00143926
499 2 0.000863558
568 2 0.000863558
623 2 0.000863558
653 2 0.000863558
49 2 0.000575705
712 2 0.00115141
12 2 0.000575705
64 2 0.000575705
71 2 0.000575705
167 2 0.000575705
176 2 0.000575705
254 2 0.000575705
693 2 0.00115141
96 2 0.000575705
251 2 0.000575705
296 2 0.000575705
400 2 0.000575705
409 2 0.000575705
438 2 0.000575705
806 2 0.00143926
722 2 0.00115141
624 2 0.000863558
644 2 0.000863558
638 2 0.000863558
3 2 0.000575705
16 2 0.000575705
75 2 0.000575705
83 2 0.000575705
387 2 0.000575705
673 2 0.00115141
502 2 0.000863558
53 2 0.000575705
252 2 0.000575705
290 2 0.000575705
562 2 0.000863558
80 2 0.000575705
107 2 0.000575705
164 2 0.000575705
678 2 0.00115141
79 2 0.000575705
258 2 0.000575705
81 2 0.000575705
209 2 0.000575705
373 2 0.000575705
967 3 0.00259067
947 3 0.00230282
908 3 0.00201497
872 3 0.00172712
789 3 0.00143926
692 3 0.00115141
522 3 0.000863558
65 3 0.000575705
172 3 0.000575705
332 3 0.000575705
362 3 0.000575705
903 3 0.00201497
933 3 0.00201497
861 3 0.00172712
873 3 0.00172712
701 3 0.00115141
721 3 0.00115141
738 3 0.00115141
181 3 0.000575705
225 3 0.000575705
379 3 0.000575705
446 3 0.000575705
979 3 0.00259067
954 3 0.00230282
800 3 0.00143926
759 3 0.00115141
708 3 0.00115141
542 3 0.000863558
640 3 0.000863558
29 3 0.000575705
74 3 0.000575705
197 3 0.000575705
44 3 0.000575705
871 3 0.00172712
896 3 0.00172712
845 3 0.00143926
565 3 0.000863558
646 3 0.000863558
43 3 0.000575705
275 3 0.000575705
799 3 0.00143926
811 3 0.00143926
687 3 0.00115141
524 3 0.000863558
641 3 0.000863558
231 3 0.000575705
63 3 0.000575705
880 3 0.00172712
508 3 0.000863558
656 3 0.000863558
514 3 0.000863558
629 3 0.000863558
117 3 0.000575705
398 3 0.000575705
710 3 0.00115141
758 3 0.00115141
511 3 0.000863558
161 3 0.000575705
216 3 0.000575705
285 3 0.000575705
325 3 0.000575705
417 3 0.000575705
856 3 0.00143926
767 3 0.00115141
773 3 0.00115141
114 3 0.000575705
256 3 0.000575705
355 3 0.000575705
427 3 0.000575705
820 3 0.00143926
756 3 0.00115141
480 3 0.000863558
330 3 0.000575705
182 3 0.000575705
262 3 0.000575705
443 3 0.000575705
792 3 0.00143926
672 3 0.00115141
476 3 0.000863558
120 3 0.000575705
429 3 0.000575705
451 3 0.000575705
263 3 0.000575705
755 3 0.00115141
735 3 0.00115141
460 3 0.000863558
494 3 0.000863558
288 3 0.000575705
20 3 0.000575705
41 3 0.000575705
145 3 0.000575705
215 3 0.000575705
370 3 0.000575705
648 3 0.000863558
45 3 0.000575705
306 3 0.000575705
323 3 0.000575705
284 3 0.000575705
336 3 0.000575705
962 4 0.00259067
975 4 0.00259067
862 4 0.00172712
895 4 0.00172712
791 4 0.00143926
830 4 0.00143926
843 4 0.00143926
770 4 0.00115141
527 4 0.000863558
566 4 0.000863558
574 4 0.000863558
604 4 0.000863558
610 4 0.000863558
982 4 0.00259067
904 4 0.00201497
931 4 0.00201497
557 4 0.000863558
590 4 0.000863558
58 4 0.000575705
158 4 0.000575705
356 4 0.000575705
996 4 0.00287853
1000 4 0.00287853
464 4 0.000863558
506 4 0.000863558
454 4 0.000575705
372 4 0.000575705
892 4 0.00172712
796 4 0.00143926
686 4 0.00115141
723 4 0.00115141
509 4 0.000863558
587 4 0.000863558
14 4 0.000575705
171 4 0.000575705
840 4 0.00143926
783 4 0.00143926
766 4 0.00115141
716 4 0.00115141
731 4 0.00115141
569 4 0.000863558
599 4 0.000863558
680 4 0.00115141
737 4 0.00115141
487 4 0.000863558
642 4 0.000863558
138 4 0.000575705
211 4 0.000575705
322 4 0.000575705
386 4 0.000575705
698 4 0.00115141
765 4 0.00115141
498 4 0.000863558
510 4 0.000863558
515 4 0.000863558
304 4 0.000575705
324 4 0.000575705
905 4 0.00201497
793 4 0.00143926
741 4 0.00115141
228 4 0.000575705
808 4 0.00143926
763 4 0.00115141
143 4 0.000575705
297 4 0.000575705
312 4 0.000575705
359 4 0.000575705
669 4 0.00115141
496 4 0.000863558
643 4 0.000863558
221 4 0.000575705
380 4 0.000575705
894 4 0.00172712
854 4 0.00143926
635 4 0.000863558
754 4 0.00115141
564 4 0.000863558
179 4 0.000575705
334 4 0.000575705
579 4 0.000863558
614 4 0.000863558
227 4 0.000575705
331 4 0.000575705
580 4 0.000863558
174 4 0.000575705
219 4 0.000575705
305 4 0.000575705
112 4 0.000575705
207 4 0.000575705
271 4 0.000575705
995 5 0.00287853
986 5 0.00259067
940 5 0.00230282
952 5 0.00230282
816 5 0.00143926
691 5 0.00115141
513 5 0.000863558
525 5 0.000863558
329 5 0.000575705
813 5 0.00143926
832 5 0.00143926
658 5 0.00115141
713 5 0.00115141
471 5 0.000863558
607 5 0.000863558
202 5 0.000575705
300 5 0.000575705
390 5 0.000575705
439 5 0.000575705
935 5 0.00230282
946 5 0.00230282
676 5 0.00115141
521 5 0.000863558
5 5 0.000575705
194 5 0.000575705
260 5 0.000575705
346 5 0.000575705
942 5 0.00230282
858 5 0.00172712
663 5 0.00115141
467 5 0.000863558
152 5 0.000575705
210 5 0.000575705
299 5 0.000575705
342 5 0.000575705
416 5 0.000575705
867 5 0.00172712
659 5 0.00115141
684 5 0.00115141
588 5 0.000863558
633 5 0.000863558
13 5 0.000575705
33 5 0.000575705
54 5 0.000575705
69 5 0.000575705
994 5 0.00287853
795 5 0.00143926
777 5 0.00143926
617 5 0.000863558
319 5 0.000575705
825 5 0.00143926
666 5 0.00115141
608 5 0.000863558
85 5 0.000575705
130 5 0.000575705
229 5 0.000575705
930 5 0.00201497
683 5 0.00115141
637 5 0.000863558
191 5 0.000575705
248 5 0.000575705
700 5 0.00115141
718 5 0.00115141
559 5 0.000863558
19 5 0.000575705
195 5 0.000575705
298 5 0.000575705
916 5 0.00201497
70 5 0.000575705
147 5 0.000575705
199 5 0.000575705
714 5 0.00115141
584 5 0.000863558
622 5 0.000863558
395 5 0.000575705
661 5 0.00115141
281 5 0.000575705
335 5 0.000575705
378 5 0.000575705
441 5 0.000575705
757 5 0.00115141
136 5 0.000575705
173 5 0.000575705
424 5 0.000575705
485 5 0.000863558
546 5 0.000863558
157 5 0.000575705
408 5 0.000575705
475 5 0.000863558
48 5 0.000575705
128 5 0.000575705
991 6 0.00287853
890 6 0.00172712
859 6 0.00172712
788 6 0.00143926
801 6 0.00143926
665 6 0.00115141
739 6 0.00115141
264 6 0.000575705
352 6 0.000575705
899 6 0.00172712
901 6 0.00172712
787 6 0.00143926
810 6 0.00143926
846 6 0.00143926
697 6 0.00115141
7 6 0.000575705
97 6 0.000575705
445 6 0.000575705
127 6 0.000575705
419 6 0.000575705
923 6 0.00201497
927 6 0.00201497
897 6 0.00172712
803 6 0.00143926
720 6 0.00115141
726 6 0.00115141
92 6 0.000575705
203 6 0.000575705
937 6 0.00230282
917 6 0.00201497
889 6 0.00172712
780 6 0.00143926
586 6 0.000863558
934 6 0.00230282
868 6 0.00172712
724 6 0.00115141
482 6 0.000863558
190 6 0.000575705
233 6 0.000575705
415 6 0.000575705
886 6 0.00172712
819 6 0.00143926
822 6 0.00143926
752 6 0.00115141
501 6 0.000863558
526 6 0.000863558
924 6 0.00201497
829 6 0.00143926
775 6 0.00115141
465 6 0.000863558
36 6 0.000575705
351 6 0.000575705
491 6 0.000863558
631 6 0.000863558
652 6 0.000863558
213 6 0.000575705
217 6 0.000575705
283 6 0.000575705
343 6 0.000575705
360 6 0.000575705
449 6 0.000575705
517 6 0.000863558
552 6 0.000863558
535 6 0.000863558
237 6 0.000575705
375 6 0.000575705
920 6 0.00201497
87 6 0.000575705
187 6 0.000575705
397 6 0.000575705
530 6 0.000863558
8 6 0.000575705
32 6 0.000575705
88 6 0.000575705
151 6 0.000575705
984 6 0.00259067
113 6 0.000575705
177 6 0.000575705
348 6 0.000575705
365 6 0.000575705
410 6 0.000575705
505 6 0.000863558
651 6 0.000863558
420 6 0.000575705
990 7 0.00287853
981 7 0.00259067
985 7 0.00259067
939 7 0.00230282
944 7 0.00230282
948 7 0.00230282
912 7 0.00201497
921 7 0.00201497
807 7 0.00143926
539 7 0.000863558
42 7 0.000575705
433 7 0.000575705
444 7 0.000575705
983 7 0.00259067
936 7 0.00230282
941 7 0.00230282
863 7 0.00172712
818 7 0.00143926
823 7 0.00143926
583 7 0.000863558
474 7 0.000863558
27 7 0.000575705
328 7 0.000575705
876 7 0.00172712
878 7 0.00172712
844 7 0.00143926
847 7 0.00143926
689 7 0.00115141
458 7 0.000863558
149 7 0.000575705
153 7 0.000575705
384 7 0.000575705
957 7 0.00230282
762 7 0.00115141
615 7 0.000863558
40 7 0.000575705
50 7 0.000575705
249 7 0.000575705
314 7 0.000575705
326 7 0.000575705
993 7 0.00287853
605 7 0.000863558
385 7 0.000575705
60 7 0.000575705
247 7 0.000575705
376 7 0.000575705
973 7 0.00259067
891 7 0.00172712
540 7 0.000863558
270 7 0.000575705
660 7 0.00115141
556 7 0.000863558
30 7 0.000575705
303 7 0.000575705
321 7 0.000575705
364 7 0.000575705
382 7 0.000575705
456 7 0.000575705
932 7 0.00201497
667 7 0.00115141
238 7 0.000575705
289 7 0.000575705
253 7 0.000575705
320 7 0.000575705
744 7 0.00115141
531 7 0.000863558
620 7 0.000863558
124 7 0.000575705
318 7 0.000575705
347 7 0.000575705
519 7 0.000863558
570 7 0.000863558
86 7 0.000575705
105 7 0.000575705
963 8 0.00259067
913 8 0.00201497
898 8 0.00172712
833 8 0.00143926
704 8 0.00115141
719 8 0.00115141
730 8 0.00115141
536 8 0.000863558
560 8 0.000863558
639 8 0.000863558
226 8 0.000575705
340 8 0.000575705
394 8 0.000575705
412 8 0.000575705
909 8 0.00201497
866 8 0.00172712
814 8 0.00143926
841 8 0.00143926
685 8 0.00115141
612 8 0.000863558
310 8 0.000575705
183 8 0.000575705
214 8 0.000575705
349 8 0.000575705
938 8 0.00230282
883 8 0.00172712
900 8 0.00172712
804 8 0.00143926
753 8 0.00115141
2 8 0.000575705
453 8 0.000575705
964 8 0.00259067
968 8 0.00259067
503 8 0.000863558
547 8 0.000863558
98 8 0.000575705
272 8 0.000575705
430 8 0.000575705
434 8 0.000575705
907 8 0.00201497
918 8 0.00201497
874 8 0.00172712
851 8 0.00143926
463 8 0.000863558
544 8 0.000863558
976 8 0.00259067
727 8 0.00115141
594 8 0.000863558
286 8 0.000575705
333 8 0.000575705
162 8 0.000575705
910 8 0.00201497
749 8 0.00115141
751 8 0.00115141
551 8 0.000863558
66 8 0.000575705
748 8 0.00115141
516 8 0.000863558
548 8 0.000863558
636 8 0.000863558
22 8 0.000575705
377 8 0.000575705
853 8 0.00143926
490 8 0.000863558
541 8 0.000863558
208 8 0.000575705
293 8 0.000575705
576 8 0.000863558
155 8 0.000575705
267 8 0.000575705
316 8 0.000575705
109 8 0.000575705
307 8 0.000575705
396 8 0.000575705
399 8 0.000575705
25 8 0.000575705
156 8 0.000575705
358 8 0.000575705
311 8 0.000575705
327 8 0.000575705
432 8 0.000575705
992 9 0.00287853
999 9 0.00287853
852 9 0.00143926
690 9 0.00115141
768 9 0.00115141
674 9 0.00115141
650 9 0.000863558
220 9 0.000575705
277 9 0.000575705
431 9 0.000575705
295 9 0.000575705
988 9 0.00287853
865 9 0.00172712
664 9 0.00115141
598 9 0.000863558
119 9 0.000575705
144 9 0.000575705
294 9 0.000575705
452 9 0.000575705
154 9 0.000575705
987 9 0.00287853
779 9 0.00143926
657 9 0.00115141
705 9 0.00115141
201 9 0.000575705
292 9 0.000575705
246 9 0.000575705
925 9 0.00201497
784 9 0.00143926
457 9 0.000863558
73 9 0.000575705
222 9 0.000575705
278 9 0.000575705
269 9 0.000575705
518 9 0.000863558
6 9 0.000575705
90 9 0.000575705
135 9 0.000575705
142 9 0.000575705
196 9 0.000575705
447 9 0.000575705
455 9 0.000575705
815 9 0.00143926
828 9 0.00143926
469 9 0.000863558
125 9 0.000575705
363 9 0.000575705
734 9 0.00115141
479 9 0.000863558
492 9 0.000863558
24 9 0.000575705
67 9 0.000575705
402 9 0.000575705
733 9 0.00115141
534 9 0.000863558
224 9 0.000575705
250 9 0.000575705
404 9 0.000575705
428 9 0.000575705
742 9 0.00115141
478 9 0.000863558
486 9 0.000863558
282 9 0.000575705
309 9 0.000575705
728 9 0.00115141
553 9 0.000863558
118 9 0.000575705
189 9 0.000575705
354 9 0.000575705
477 9 0.000863558
129 9 0.000575705
175 9 0.000575705
240 9 0.000575705
353 9 0.000575705
411 9 0.000575705
879 9 0.00172712
838 9 0.00143926
132 9 0.000575705
520 9 0.000863558
645 9 0.000863558
10 9 0.000575705
59 9 0.000575705
192 9 0.000575705
694 9 0.00115141
134 9 0.000575705
193 9 0.000575705
280 9 0.000575705
609 9 0.000863558
9 9 0.000575705
341 9 0.000575705
366 9 0.000575705
621 9 0.000863558
93 9 0.000575705
273 9 0.000575705
337 9 0.000575705
958 10 0.00230282
922 10 0.00201497
877 10 0.00172712
817 10 0.00143926
826 10 0.00143926
601 10 0.000863558
28 10 0.000575705
166 10 0.000575705
949 10 0.00230282
798 10 0.00143926
855 10 0.00143926
729 10 0.00115141
529 10 0.000863558
595 10 0.000863558
616 10 0.000863558
232 10 0.000575705
391 10 0.000575705
450 10 0.000575705
971 10 0.00259067
953 10 0.00230282
882 10 0.00172712
885 10 0.00172712
630 10 0.000863558
943 10 0.00230282
906 10 0.00201497
881 10 0.00172712
740 10 0.00115141
715 10 0.00115141
558 10 0.000863558
597 10 0.000863558
468 10 0.000863558
589 10 0.000863558
596 10 0.000863558
308 10 0.000575705
89 10 0.000575705
389 10 0.000575705
915 10 0.00201497
860 10 0.00172712
146 10 0.000575705
218 10 0.000575705
381 10 0.000575705
414 10 0.000575705
781 10 0.00143926
745 10 0.00115141
764 10 0.00115141
77 10 0.000575705
185 10 0.000575705
388 10 0.000575705
703 10 0.00115141
484 10 0.000863558
512 10 0.000863558
578 10 0.000863558
618 10 0.000863558
794 10 0.00143926
717 10 0.00115141
500 10 0.000863558
94 10 0.000575705
435 10 0.000575705
709 10 0.00115141
647 10 0.000863558
1 10 0.000575705
188 10 0.000575705
392 10 0.000575705
401 10 0.000575705
774 10 0.00115141
577 10 0.000863558
51 10 0.000575705
122 10 0.000575705
234 10 0.000575705
257 10 0.000575705
831 10 0.00143926
493 10 0.000863558
245 10 0.000575705
418 10 0.000575705
649 10 0.000863558
31 10 0.000575705
56 10 0.000575705
440 10 0.000575705
18 10 0.000575705
99 10 0.000575705
104 10 0.000575705
242 10 0.000575705
969 11 0.00259067
945 11 0.00230282
911 11 0.00201497
778 11 0.00143926
668 11 0.00115141
688 11 0.00115141
591 11 0.000863558
592 11 0.000863558
184 11 0.000575705
274 11 0.000575705
961 11 0.00230282
875 11 0.00172712
785 11 0.00143926
711 11 0.00115141
483 11 0.000863558
537 11 0.000863558
655 11 0.000863558
235 11 0.000575705
959 11 0.00230282
849 11 0.00143926
675 11 0.00115141
459 11 0.000863558
532 11 0.000863558
628 11 0.000863558
357 11 0.000575705
955 11 0.00230282
805 11 0.00143926
35 11 0.000575705
102 11 0.000575705
103 11 0.000575705
265 11 0.000575705
315 11 0.000575705
523 11 0.000863558
543 11 0.000863558
549 11 0.000863558
600 11 0.000863558
101 11 0.000575705
383 11 0.000575705
406 11 0.000575705
448 11 0.000575705
746 11 0.00115141
538 11 0.000863558
11 11 0.000575705
15 11 0.000575705
255 11 0.000575705
301 11 0.000575705
368 11 0.000575705
997 11 0.00287853
4 11 0.000575705
163 11 0.000575705
168 11 0.000575705
671 11 0.00115141
567 11 0.000863558
582 11 0.000863558
91 11 0.000575705
126 11 0.000575705
62 11 0.000575705
707 11 0.00115141
603 11 0.000863558
68 11 0.000575705
110 11 0.000575705
369 11 0.000575705
870 11 0.00172712
824 11 0.00143926
200 11 0.000575705
839 11 0.00143926
602 11 0.000863558
150 11 0.000575705
405 11 0.000575705
677 11 0.00115141
747 11 0.00115141
259 11 0.000575705
291 11 0.000575705
466 11 0.000863558
572 11 0.000863558
627 11 0.000863558
186 11 0.000575705
835 11 0.00143926
115 11 0.000575705
131 11 0.000575705
137 11 0.000575705
626 11 0.000863558
178 11 0.000575705
223 11 0.000575705
279 11 0.000575705