1	1 14 16 
2	10 
3	9 13 18 
4	1 12 15 
5	7 
6	12 16 18 
7	2 4 10 
8	13 16 17 
9	5 8 14 
10	4 11 14 
11	2 3 17 
12	1 
13	7 9 10 
14	7 14 18 
15	3 4 10 
16	13 
17	2 6 15 
18	1 11 16 
19	2 7 18 
20	3 
21	9 12 13 
22	7 
23	6 13 18 
24	12 14 15 
25	10 
26	5 11 12 
27	8 10 11 
28	14 15 16 
29	3 
30	14 
31	6 12 15 
32	1 6 9 
33	4 6 9 
34	5 9 17 
35	7 
36	11 
37	3 
38	4 16 17 
39	3 4 6 
40	3 
41	1 3 18 
42	10 12 16 
43	8 11 14 
44	4 
45	5 6 13 
46	2 7 8 
47	10 
48	1 6 9 
49	11 
50	4 
51	4 7 14 
52	6 
53	2 11 18 
54	8 
55	3 4 9 
56	2 3 5 
57	4 9 15 
58	5 
59	6 8 14 
60	2 12 16 
61	4 6 9 
62	8 15 18 
63	3 9 15 
64	7 8 10 
65	12 
66	1 4 13 
67	6 
68	11 14 18 
69	17 
70	3 
71	1 9 16 
72	3 6 11 
73	3 
74	3 6 15 
75	8 13 14 
76	12 16 18 
77	9 
78	14 
79	13 
80	9 
81	4 
82	7 
83	17 
84	8 
85	5 11 12 
86	4 6 13 
87	8 
88	6 12 13 
89	16 
90	1 
91	9 
92	1 3 14 
93	2 15 16 
94	1 11 13 
95	9 
96	6 
97	3 11 13 
98	11 
99	2 4 15 
100	1 6 13 
101	16 
102	3 7 18 
103	8 
104	12 
105	5 7 17 
106	1 2 5 
107	13 16 17 
108	1 4 18 
109	1 
110	4 14 16 
111	14 
112	4 14 16 
113	16 
114	4 11 13 
115	6 
116	5 8 11 
117	6 13 18 
118	5 9 17 
119	12 14 15 
120	7 
121	9 
122	15 
123	13 
124	1 6 13 
125	7 8 15 
126	2 
127	11 
128	15 
129	9 
130	13 
131	9 
132	5 
133	17 
134	13 
135	4 9 15 
136	8 10 12 
137	3 10 13 
138	6 
139	1 6 17 
140	11 13 16 
141	15 
142	2 
143	16 
144	4 8 10 
145	6 
146	8 10 13 
147	5 15 17 
148	3 
149	7 10 15 
150	16 
151	17 
152	9 15 18 
153	13 
154	17 
155	7 17 18 
156	11 14 17 
157	7 10 13 
158	15 
159	13 
160	2 9 11 
161	13 
162	2 7 12 
163	4 6 16 
164	6 
165	10 
166	17 
167	13 
168	10 
169	9 10 12 
170	7 11 14 
171	4 11 14 
172	7 8 14 
173	1 
174	11 
175	3 
176	7 8 17 
177	2 12 14 
178	1 
179	1 4 9 
180	16 
181	3 6 13 
182	12 
183	12 
184	7 
185	5 
186	17 
187	2 9 18 
188	6 16 18 
189	9 
190	1 11 16 
191	5 6 15 
192	13 
193	7 
194	12 
195	1 
196	4 
197	4 9 14 
198	10 
199	1 8 18 
200	2 
201	1 2 7 
202	2 
203	2 
204	5 7 17 
205	1 
206	7 8 10 
207	3 4 5 
208	18 
209	11 12 18 
210	11 
211	1 2 9 
212	7 10 17 
213	15 
214	18 
215	2 5 13 
216	4 9 11 
217	2 12 14 
218	5 9 13 
219	10 
220	5 6 17 
221	3 5 16 
222	3 12 18 
223	5 
224	13 14 16 
225	17 
226	4 
227	4 
228	7 
229	11 
230	16 
231	9 
232	1 
233	18 
234	13 15 16 
235	16 
236	11 12 15 
237	11 
238	3 15 16 
239	14 15 16 
240	6 
241	4 
242	9 10 15 
243	9 
244	14 
245	6 12 13 
246	4 6 15 
247	5 12 17 
248	10 13 16 
249	11 14 15 
250	2 5 17 
251	6 
252	6 11 12 
253	4 
254	15 
255	7 17 18 
256	18 
257	7 
258	1 11 13 
259	17 
260	14 
261	7 
262	7 16 17 
263	2 4 17 
264	11 14 15 
265	15 
266	2 14 17 
267	3 8 12 
268	1 
269	16 
270	2 4 8 
271	8 
272	4 5 17 
273	2 3 18 
274	6 8 11 
275	17 
276	1 2 7 
277	12 
278	16 
279	3 9 18 
280	4 
281	9 10 17 
282	14 16 17 
283	7 
284	9 11 18 
285	5 6 15 
286	4 
287	1 2 11 
288	1 10 16 
289	6 11 18 
290	12 17 18 
291	13 
292	5 14 18 
293	5 
294	3 
295	3 
296	8 13 15 
297	17 
298	7 14 18 
299	5 13 14 
300	6 
301	17 
302	15 
303	7 9 13 
304	18 
305	10 
306	2 8 9 
307	4 9 12 
308	1 4 12 
309	17 
310	6 
311	18 
312	7 8 16 
313	13 
314	13 
315	12 
316	3 8 11 
317	1 5 11 
318	1 9 15 
319	3 6 15 
320	15 
321	16 
322	1 2 12 
323	5 
324	11 
325	6 
326	1 9 18 
327	3 10 12 
328	11 
329	1 
330	3 6 17 
331	10 
332	7 8 14 
333	1 
334	4 
335	14 
336	10 
337	12 
338	17 
339	14 
340	16 
341	1 3 5 
342	3 9 16 
343	17 
344	14 
345	8 
346	3 
347	1 3 11 
348	16 
349	4 8 18 
350	10 
351	17 
352	13 15 18 
353	5 
354	15 
355	14 
356	16 
357	18 
358	5 11 17 
359	8 10 18 
360	7 12 17 
361	3 
362	7 10 12 
363	18 
364	2 5 15 
365	16 
366	5 
367	3 
368	1 4 9 
369	8 9 15 
370	6 
371	17 
372	7 
373	3 8 15 
374	4 8 10 
375	1 9 16 
376	1 
377	2 11 16 
378	3 6 11 
379	5 8 14 
380	11 
381	2 12 17 
382	14 15 17 
383	18 
384	4 
385	12 
386	10 13 17 
387	4 10 15 
388	4 9 11 
389	12 
390	4 6 7 
391	14 
392	10 
393	3 17 18 
394	2 9 13 
395	16 
396	6 9 18 
397	5 10 13 
398	4 7 15 
399	4 6 17 
400	18 
401	4 
402	7 10 11 
403	2 10 12 
404	6 
405	14 
406	7 
407	1 9 10 
408	3 13 15 
409	10 
410	8 
411	17 
412	1 15 18 
413	8 9 12 
414	1 11 15 
415	16 
416	3 
417	2 
418	1 8 10 
419	2 4 10 
420	1 4 5 
421	6 
422	7 11 18 
423	1 2 13 
424	7 11 13 
425	5 6 8 
426	3 6 8 
427	16 
428	3 5 14 
429	10 
430	3 
431	7 
432	2 11 14 
433	1 
434	9 12 16 
435	13 
436	3 6 17 
437	1 8 9 
438	3 6 17 
439	10 14 18 
440	3 
441	2 3 12 
442	8 
443	1 
444	4 
445	12 
446	5 
447	1 11 15 
448	18 
449	5 
450	3 5 13 
451	14 
452	1 4 17 
453	2 6 9 
454	17 
455	4 
456	2 
457	16 
458	12 
459	16 
460	9 
461	5 
462	7 
463	1 
464	3 13 15 
465	14 
466	12 
467	15 
468	11 14 18 
469	13 14 16 
470	2 4 11 
471	4 13 15 
472	13 
473	9 10 17 
474	7 12 17 
475	12 13 14 
476	14 
477	9 14 16 
478	15 
479	7 8 13 
480	3 
481	5 7 15 
482	17 
483	7 14 16 
484	7 16 18 
485	16 
486	9 
487	15 
488	9 
489	9 
490	6 13 18 
491	10 
492	17 
493	6 9 15 
494	14 
495	5 
496	10 
497	5 12 16 
498	12 
499	3 
500	12 14 17 
501	2 
502	1 12 18 
503	4 12 16 
504	10 
505	6 7 18 
506	7 
507	9 13 18 
508	3 
509	2 9 10 
510	5 
511	4 7 9 
512	9 14 18 
513	1 11 15 
514	8 
515	13 
516	2 9 14 
517	5 10 15 
518	5 6 14 
519	10 15 18 
520	10 
521	10 13 16 
522	8 16 17 
523	1 6 15 
524	4 7 14 
525	4 
526	10 
527	4 7 17 
528	1 4 11 
529	3 8 16 
530	3 9 10 
531	6 
532	1 7 18 
533	11 
534	3 11 17 
535	18 
536	17 
537	1 12 18 
538	18 
539	7 13 17 
540	1 5 12 
541	9 10 17 
542	2 4 14 
543	3 7 13 
544	7 
545	17 
546	5 12 17 
547	9 
548	16 
549	1 15 16 
550	8 11 13 
551	13 
552	5 
553	4 
554	3 9 16 
555	10 
556	7 9 11 
557	2 11 17 
558	1 
559	1 10 14 
560	5 
561	6 
562	7 
563	1 6 16 
564	11 14 16 
565	5 6 11 
566	3 5 11 
567	10 
568	4 9 10 
569	12 
570	8 
571	1 4 6 
572	6 8 16 
573	1 2 16 
574	2 
575	7 8 10 
576	15 
577	6 11 13 
578	1 10 12 
579	10 12 15 
580	17 
581	6 
582	12 
583	3 
584	10 
585	15 
586	7 
587	17 
588	7 11 14 
589	4 15 18 
590	8 11 13 
591	3 8 14 
592	6 
593	4 8 10 
594	1 5 11 
595	4 
596	1 3 7 
597	7 
598	9 
599	5 8 18 
600	13 
601	1 4 13 
602	15 
603	15 
604	4 5 8 
605	7 9 18 
606	1 5 6 
607	7 
608	18 
609	16 
610	8 
611	1 3 18 
612	2 5 8 
613	16 
614	4 5 7 
615	16 
616	4 5 13 
617	5 
618	8 9 16 
619	1 8 15 
620	1 5 11 
621	14 
622	2 5 15 
623	17 
624	14 
625	3 4 9 
626	4 5 15 
627	16 
628	4 12 17 
629	16 
630	7 8 17 
631	17 
632	1 9 15 
633	9 
634	13 
635	17 
636	3 
637	3 4 9 
638	5 16 18 
639	5 10 14 
640	18 
641	3 9 18 
642	5 8 10 
643	15 
644	15 
645	3 
646	3 4 16 
647	1 11 17 
648	9 
649	6 
650	1 
651	1 2 9 
652	3 6 18 
653	13 14 15 
654	6 11 13 
655	1 5 13 
656	1 9 13 
657	17 
658	3 5 6 
659	1 16 17 
660	2 5 13 
661	7 8 14 
662	16 
663	18 
664	2 
665	1 5 9 
666	7 10 13 
667	9 
668	9 12 17 
669	1 
670	15 
671	8 
672	1 2 4 
673	1 
674	8 14 16 
675	1 
676	2 
677	7 13 14 
678	8 13 16 
679	12 
680	6 12 15 
681	12 
682	17 
683	11 13 18 
684	11 
685	10 
686	10 
687	16 
688	3 4 12 
689	2 8 18 
690	7 
691	1 4 11 
692	3 5 11 
693	1 9 13 
694	4 5 13 
695	3 7 8 
696	3 11 18 
697	4 7 8 
698	3 
699	4 13 18 
700	1 
701	11 15 16 
702	14 
703	4 14 16 
704	3 14 18 
705	12 
706	14 
707	6 12 16 
708	6 8 12 
709	9 
710	1 8 16 
711	1 3 17 
712	5 13 14 
713	13 
714	4 9 11 
715	7 8 14 
716	1 13 17 
717	4 5 15 
718	7 8 13 
719	7 9 14 
720	1 7 10 
721	2 
722	3 6 8 
723	17 
724	3 
725	14 
726	7 
727	2 
728	5 
729	8 16 17 
730	1 12 15 
731	8 
732	6 13 17 
733	7 
734	18 
735	5 
736	2 9 14 
737	8 
738	4 
739	15 
740	4 12 13 
741	1 
742	2 3 11 
743	1 
744	1 2 12 
745	18 
746	1 
747	14 
748	10 
749	8 
750	11 14 16 
751	9 
752	15 
753	2 
754	11 14 17 
755	3 
756	17 
757	12 
758	9 13 18 
759	10 
760	12 
761	1 6 10 
762	13 
763	6 11 16 
764	9 
765	4 6 12 
766	8 
767	17 
768	5 12 18 
769	9 
770	18 
771	18 
772	17 
773	16 
774	2 
775	10 13 15 
776	5 6 9 
777	3 9 14 
778	2 4 16 
779	7 13 14 
780	7 14 17 
781	1 
782	3 
783	1 13 16 
784	8 
785	11 16 18 
786	8 
787	1 5 9 
788	1 5 13 
789	1 6 17 
790	6 10 18 
791	18 
792	17 
793	9 14 17 
794	3 16 18 
795	11 
796	12 
797	2 5 11 
798	2 4 9 
799	11 
800	6 7 8 
801	3 9 17 
802	9 14 18 
803	4 13 17 
804	2 4 8 
805	18 
806	6 10 15 
807	9 
808	7 13 14 
809	14 
810	2 7 9 
811	5 10 18 
812	1 
813	14 
814	6 9 18 
815	9 14 18 
816	5 11 12 
817	3 10 18 
818	3 10 11 
819	8 
820	11 14 18 
821	17 
822	3 
823	6 7 9 
824	2 
825	5 13 15 
826	4 5 6 
827	2 11 17 
828	1 4 6 
829	5 
830	6 10 17 
831	13 
832	6 8 17 
833	1 7 15 
834	3 4 7 
835	14 
836	6 7 16 
837	1 13 17 
838	2 12 17 
839	5 
840	13 
841	1 7 13 
842	17 
843	13 
844	8 
845	3 17 18 
846	9 
847	10 14 17 
848	4 
849	11 
850	9 10 18 
851	12 
852	3 13 17 
853	8 
854	2 
855	1 8 15 
856	15 
857	18 
858	4 17 18 
859	1 
860	6 12 18 
861	3 4 7 
862	4 9 13 
863	9 14 18 
864	10 
865	4 
866	14 
867	5 
868	11 15 18 
869	10 
870	10 
871	10 
872	8 16 18 
873	17 
874	4 5 11 
875	7 10 14 
876	17 
877	4 5 6 
878	1 12 15 
879	1 14 16 
880	11 
881	1 2 4 
882	7 9 12 
883	1 
884	3 9 15 
885	3 12 16 
886	11 
887	3 
888	2 7 8 
889	6 14 18 
890	6 
891	11 
892	1 2 10 
893	11 16 18 
894	1 13 14 
895	9 12 14 
896	6 
897	2 5 9 
898	13 
899	16 
900	3 
901	4 
902	3 
903	13 
904	14 
905	5 6 9 
906	2 5 9 
907	1 4 8 
908	1 5 6 
909	1 2 3 
910	2 5 8 
911	9 
912	12 
913	4 15 16 
914	6 
915	13 
916	1 2 12 
917	16 
918	8 
919	14 
920	2 6 15 
921	2 16 17 
922	15 
923	18 
924	2 
925	11 
926	15 
927	17 
928	3 
929	2 16 18 
930	1 14 15 
931	3 17 18 
932	5 12 15 
933	13 
934	11 12 17 
935	6 7 18 
936	9 13 15 
937	11 
938	2 3 7 
939	6 14 15 
940	8 14 18 
941	9 15 16 
942	1 13 15 
943	12 
944	3 5 12 
945	1 2 17 
946	2 
947	4 
948	4 5 17 
949	7 13 17 
950	4 8 13 
951	1 4 11 
952	12 
953	5 11 18 
954	10 
955	16 
956	12 
957	1 6 15 
958	10 
959	17 
960	6 
961	6 11 17 
962	3 14 15 
963	9 10 15 
964	3 4 14 
965	2 6 10 
966	1 
967	10 
968	4 7 15 
969	5 8 15 
970	6 7 10 
971	1 11 15 
972	7 
973	3 10 12 
974	2 4 11 
975	10 
976	9 14 17 
977	1 11 13 
978	7 9 17 
979	13 14 17 
980	1 3 6 
981	1 
982	4 11 13 
983	12 
984	7 
985	10 
986	4 5 17 
987	14 
988	4 11 12 
989	13 
990	16 
991	2 
992	2 7 11 
993	8 9 13 
994	13 
995	18 
996	10 13 17 
997	5 
998	4 5 7 
999	14 
1000	14 
1001	4 13 16 
1002	5 9 17 
1003	1 
1004	13 
1005	4 14 15 
1006	7 10 12 
1007	14 
1008	2 13 17 
1009	5 
1010	17 
1011	1 
1012	17 
1013	4 6 16 
1014	3 4 11 
1015	7 9 14 
1016	13 
1017	1 
1018	1 
1019	6 8 17 
1020	11 
1021	5 17 18 
1022	12 
1023	9 11 14 
1024	14 
1025	1 2 10 
1026	2 10 13 
1027	5 
1028	17 
1029	1 12 13 
1030	3 10 15 
1031	3 11 16 
1032	18 
1033	2 11 15 
1034	4 
1035	3 13 14 
1036	4 
1037	16 
1038	7 11 12 
1039	3 
1040	3 7 15 
1041	16 
1042	4 7 9 
1043	7 11 17 
1044	3 4 14 
1045	13 
1046	15 
1047	14 
1048	2 11 16 
1049	15 
1050	2 10 11 
1051	12 15 17 
1052	4 11 12 
1053	2 9 11 
1054	10 
1055	18 
1056	6 11 15 
1057	2 12 14 
1058	3 
1059	13 
1060	8 
1061	15 
1062	18 
1063	6 8 14 
1064	8 9 10 
1065	6 9 10 
1066	3 
1067	2 
1068	6 7 12 
1069	4 
1070	5 
1071	9 
1072	8 
1073	2 9 12 
1074	10 11 15 
1075	2 9 15 
1076	12 
1077	10 
1078	3 11 15 
1079	1 2 8 
1080	5 
1081	13 
1082	2 6 17 
1083	14 
1084	6 9 17 
1085	4 9 17 
1086	17 
1087	2 5 13 
1088	5 6 7 
1089	9 10 15 
1090	2 3 10 
1091	7 
1092	2 
1093	13 
1094	5 
1095	1 3 9 
1096	8 
1097	11 
1098	3 
1099	7 9 11 
1100	10 
1101	9 12 17 
1102	7 13 14 
1103	7 12 13 
1104	3 9 16 
1105	10 
1106	3 9 14 
1107	17 
1108	3 
1109	5 9 18 
1110	16 
1111	3 
1112	14 16 18 
1113	4 9 10 
1114	4 
1115	7 
1116	9 
1117	3 5 8 
1118	5 13 17 
1119	4 
1120	6 
1121	10 
1122	14 
1123	3 4 7 
1124	2 
1125	2 13 15 
1126	4 
1127	2 6 16 
1128	17 
1129	6 
1130	3 6 12 
1131	5 
1132	7 
1133	11 14 15 
1134	1 10 16 
1135	13 
1136	5 
1137	2 
1138	16 
1139	14 
1140	2 13 16 
1141	1 
1142	7 16 18 
1143	13 
1144	15 
1145	10 
1146	10 
1147	1 3 5 
1148	9 13 14 
1149	8 
1150	1 3 12 
1151	14 
1152	18 
1153	9 
1154	5 7 16 
1155	4 8 14 
1156	17 
1157	7 
1158	7 
1159	3 5 8 
1160	13 
1161	10 
1162	7 
1163	15 16 17 
1164	8 
1165	1 2 15 
1166	15 
1167	4 
1168	3 5 14 
1169	12 13 14 
1170	3 13 17 
1171	4 8 10 
1172	1 14 15 
1173	8 
1174	5 6 8 
1175	2 8 11 
1176	5 17 18 
1177	8 9 18 
1178	6 15 18 
1179	4 
1180	10 
1181	14 
1182	3 5 6 
1183	3 
1184	11 15 17 
1185	5 
1186	2 
1187	14 
1188	8 
1189	2 3 13 
1190	8 11 18 
1191	16 
1192	3 8 12 
1193	8 16 17 
1194	1 
1195	11 13 15 
1196	10 
1197	15 
1198	15 
1199	13 
1200	18 
1201	13 
1202	5 8 11 
1203	2 5 18 
1204	8 
1205	3 12 14 
1206	14 
1207	1 
1208	1 2 15 
1209	2 6 15 
1210	3 7 11 
1211	15 
1212	3 5 8 
1213	6 8 18 
1214	11 12 13 
1215	10 
1216	4 6 11 
1217	5 6 17 
1218	2 11 12 
1219	14 
1220	16 
1221	7 12 13 
1222	11 13 14 
1223	2 4 6 
1224	14 
1225	3 6 12 
1226	1 
1227	5 10 16 
1228	2 3 7 
1229	1 10 13 
1230	7 11 17 
1231	5 6 12 
1232	3 8 11 
1233	1 2 12 
1234	2 
1235	6 
1236	13 
1237	7 
1238	15 
1239	5 7 16 
1240	11 
1241	8 16 17 
1242	8 
1243	3 10 12 
1244	5 
1245	7 15 16 
1246	8 9 18 
1247	3 10 12 
1248	10 
1249	12 14 17 
1250	16 
1251	2 
1252	18 
1253	8 13 18 
1254	6 13 17 
1255	2 6 8 
1256	7 
1257	14 
1258	2 7 16 
1259	7 
1260	5 
1261	2 10 17 
1262	9 16 17 
1263	10 13 18 
1264	1 14 18 
1265	10 
1266	15 
1267	14 
1268	5 8 18 
1269	18 
1270	1 2 8 
1271	4 10 17 
1272	7 
1273	12 
1274	1 
1275	7 14 18 
1276	15 
1277	3 
1278	18 
1279	9 
1280	12 
1281	15 
1282	13 
1283	5 6 7 
1284	2 
1285	11 
1286	3 10 18 
1287	9 
1288	12 
1289	10 
1290	7 11 16 
1291	11 13 14 
1292	3 5 10 
1293	7 12 17 
1294	13 
1295	11 
1296	5 
1297	2 6 9 
1298	17 
1299	3 
1300	7 
1301	4 5 12 
1302	3 11 16 
1303	3 
1304	6 8 15 
1305	9 
1306	2 8 9 
1307	3 7 14 
1308	9 
1309	2 
1310	7 
1311	1 
1312	9 
1313	9 
1314	7 10 18 
1315	3 4 8 
1316	17 
1317	2 
1318	7 17 18 
1319	2 6 16 
1320	1 
1321	12 16 18 
1322	5 
1323	7 
1324	1 8 14 
1325	2 
1326	2 7 16 
1327	3 
1328	3 6 8 
1329	5 12 18 
1330	7 8 11 
1331	13 
1332	13 
1333	4 
1334	4 
1335	17 
1336	4 7 10 
1337	8 12 14 
1338	3 5 13 
1339	5 14 16 
1340	8 15 16 
1341	3 4 5 
1342	5 7 12 
1343	2 
1344	1 9 10 
1345	2 
1346	11 
1347	5 
1348	13 
1349	11 17 18 
1350	2 14 16 
1351	6 9 12 
1352	4 11 12 
1353	4 5 14 
1354	9 
1355	13 15 18 
1356	8 9 14 
1357	17 
1358	2 14 16 
1359	14 
1360	1 2 5 
1361	14 
1362	2 14 15 
1363	9 14 16 
1364	12 
1365	4 9 14 
1366	3 5 9 
1367	9 10 13 
1368	11 13 18 
1369	1 
1370	6 11 16 
1371	18 
1372	2 9 17 
1373	2 14 15 
1374	7 8 17 
1375	13 
1376	3 
1377	18 
1378	5 7 13 
1379	9 
1380	7 8 18 
1381	12 
1382	7 12 17 
1383	10 
1384	2 9 13 
1385	9 
1386	6 
1387	5 12 16 
1388	9 13 18 
1389	3 
1390	3 7 18 
1391	3 7 18 
1392	11 
1393	8 9 12 
1394	5 6 18 
1395	8 
1396	2 8 15 
1397	4 11 13 
1398	17 
1399	12 13 15 
1400	4 10 18 
1401	4 
1402	6 
1403	2 15 17 
1404	16 
1405	18 
1406	6 
1407	13 
1408	11 
1409	3 5 17 
1410	4 16 18 
1411	14 
1412	1 5 10 
1413	6 
1414	18 
1415	1 
1416	7 9 10 
1417	3 9 11 
1418	12 15 18 
1419	13 
1420	1 7 12 
1421	1 3 9 
1422	7 13 16 
1423	7 
1424	12 13 14 
1425	4 14 15 
1426	7 
1427	1 8 18 
1428	5 
1429	2 7 16 
1430	7 8 12 
1431	1 6 9 
1432	5 
1433	12 
1434	10 13 18 
1435	12 
1436	18 
1437	16 
1438	11 
1439	12 
1440	11 17 18 
1441	1 
1442	3 13 15 
1443	9 
1444	8 9 17 
1445	1 12 15 
1446	10 
1447	14 
1448	2 13 15 
1449	6 
1450	2 10 12 
1451	1 9 12 
1452	2 9 16 
1453	1 3 16 
1454	3 6 12 
1455	8 10 11 
1456	4 14 17 
1457	4 
1458	1 
1459	9 
1460	15 
1461	13 
1462	2 
1463	3 15 16 
1464	14 
1465	8 
1466	6 11 17 
1467	13 
1468	1 
1469	2 8 16 
1470	14 
1471	10 
1472	16 
1473	3 5 9 
1474	6 11 13 
1475	1 3 7 
1476	9 
1477	18 
1478	4 6 13 
1479	2 12 16 
1480	3 6 10 
1481	8 13 14 
1482	7 13 18 
1483	6 7 16 
1484	1 
1485	17 
1486	9 13 14 
1487	3 9 13 
1488	3 5 16 
1489	6 8 14 
1490	2 5 14 
1491	2 3 17 
1492	7 
1493	1 9 16 
1494	17 
1495	11 14 15 
1496	10 11 12 
1497	5 6 16 
1498	6 8 16 
1499	5 
1500	7 9 17 
1501	2 12 16 
1502	6 
1503	10 15 18 
1504	9 10 15 
1505	16 
1506	2 
1507	6 12 15 
1508	4 
1509	14 
1510	4 
1511	1 7 8 
1512	3 
1513	2 8 17 
1514	9 
1515	3 6 14 
1516	4 5 12 
1517	4 11 14 
1518	8 14 16 
1519	2 
1520	7 9 15 
1521	5 10 18 
1522	6 11 13 
1523	5 
1524	4 11 16 
1525	4 
1526	14 
1527	18 
1528	2 6 7 
1529	1 5 10 
1530	6 
1531	9 
1532	7 
1533	4 6 10 
1534	2 
1535	3 8 11 
1536	5 10 12 
1537	14 
1538	7 8 17 
1539	5 12 17 
1540	3 11 13 
1541	15 
1542	2 
1543	1 16 17 
1544	4 15 16 
1545	3 7 8 
1546	8 
1547	5 
1548	15 
1549	7 
1550	16 
1551	11 
1552	1 11 13 
1553	1 
1554	1 6 13 
1555	6 
1556	1 5 6 
1557	3 10 18 
1558	13 14 15 
1559	14 15 18 
1560	16 
1561	8 
1562	16 17 18 
1563	11 
1564	9 11 13 
1565	7 
1566	9 
1567	18 
1568	1 9 13 
1569	9 
1570	2 
1571	10 12 13 
1572	8 13 16 
1573	2 4 14 
1574	6 10 12 
1575	13 15 17 
1576	2 3 10 
1577	6 
1578	8 
1579	3 14 15 
1580	9 11 12 
1581	2 7 13 
1582	1 4 18 
1583	1 
1584	17 
1585	16 
1586	10 
1587	1 
1588	10 13 15 
1589	1 15 17 
1590	4 
1591	5 
1592	2 5 14 
1593	10 
1594	15 
1595	5 
1596	1 
1597	1 4 11 
1598	1 2 7 
1599	3 
1600	17 
1601	5 
1602	17 
1603	10 
1604	12 
1605	3 
1606	1 12 15 
1607	2 
1608	2 6 11 
1609	9 
1610	9 
1611	1 
1612	7 9 14 
1613	4 9 15 
1614	6 
1615	9 
1616	10 
1617	6 8 17 
1618	11 17 18 
1619	5 7 18 
1620	14 17 18 
1621	2 3 10 
1622	3 
1623	15 
1624	16 
1625	6 10 16 
1626	12 
1627	4 
1628	18 
1629	6 8 9 
1630	2 4 6 
1631	7 
1632	1 
1633	10 
1634	3 
1635	9 13 14 
1636	18 
1637	2 15 17 
1638	2 
1639	6 8 18 
1640	2 8 15 
1641	18 
1642	6 11 15 
1643	10 12 15 
1644	8 
1645	9 
1646	3 
1647	9 14 15 
1648	10 
1649	1 
1650	4 5 16 
1651	6 
1652	12 13 18 
1653	4 6 9 
1654	8 9 15 
1655	17 
1656	7 14 17 
1657	6 8 15 
1658	4 12 17 
1659	6 13 18 
1660	12 
1661	10 14 18 
1662	16 
1663	1 13 16 
1664	7 12 14 
1665	15 
1666	6 12 16 
1667	7 
1668	14 
1669	14 
1670	11 
1671	8 10 12 
1672	6 
1673	1 5 18 
1674	13 
1675	6 9 18 
1676	2 
1677	3 5 15 
1678	3 
1679	1 11 16 
1680	10 14 18 
1681	8 15 17 
1682	3 
1683	6 
1684	7 8 12 
1685	3 9 14 
1686	1 8 18 
1687	5 
1688	9 14 18 
1689	11 
1690	6 8 9 
1691	14 
1692	1 8 17 
1693	1 
1694	5 11 15 
1695	1 8 12 
1696	3 7 15 
1697	16 
1698	14 
1699	3 7 14 
1700	7 
1701	7 
1702	3 
1703	6 
1704	17 
1705	4 
1706	2 3 5 
1707	6 12 14 
1708	4 
1709	9 
1710	5 7 13 
1711	8 10 14 
1712	9 11 14 
1713	15 
1714	3 17 18 
1715	12 
1716	12 
1717	5 10 15 
1718	5 
1719	17 
1720	18 
1721	1 3 14 
1722	2 4 11 
1723	2 5 14 
1724	1 
1725	6 7 11 
1726	2 11 13 
1727	11 
1728	1 5 16 
1729	6 8 16 
1730	5 13 16 
1731	1 4 16 
1732	2 7 14 
1733	16 
1734	1 4 17 
1735	9 
1736	1 
1737	1 3 7 
1738	11 13 15 
1739	1 
1740	9 10 11 
1741	1 
1742	4 9 12 
1743	12 
1744	10 14 15 
1745	18 
1746	8 11 14 
1747	15 
1748	15 
1749	7 8 16 
1750	9 17 18 
1751	4 14 15 
1752	17 
1753	2 16 18 
1754	4 
1755	2 
1756	2 4 10 
1757	5 8 14 
1758	14 
1759	18 
1760	4 
1761	1 4 5 
1762	15 
1763	3 8 12 
1764	5 
1765	14 
1766	4 11 15 
1767	12 
1768	6 8 15 
1769	3 14 18 
1770	3 
1771	13 
1772	7 15 16 
1773	2 9 13 
1774	1 10 14 
1775	2 
1776	16 
1777	16 
1778	1 
1779	3 
1780	10 13 16 
1781	6 
1782	14 
1783	5 12 17 
1784	13 
1785	3 15 17 
1786	2 
1787	17 
1788	2 10 15 
1789	1 
1790	17 
1791	3 6 18 
1792	10 
1793	7 9 12 
1794	9 
1795	10 
1796	4 
1797	1 2 15 
1798	1 
1799	13 14 18 
1800	9 10 13 
1801	5 6 10 
1802	3 7 9 
1803	3 5 8 
1804	14 
1805	13 
1806	11 13 18 
1807	15 
1808	15 
1809	4 
1810	10 
1811	2 15 17 
1812	6 7 16 
1813	3 
1814	5 7 9 
1815	2 5 13 
1816	1 4 15 
1817	2 
1818	1 9 17 
1819	4 7 14 
1820	6 
1821	10 
1822	9 13 16 
1823	11 
1824	2 9 13 
1825	2 10 14 
1826	1 
1827	18 
1828	5 
1829	17 
1830	1 2 18 
1831	6 14 16 
1832	9 
1833	3 14 18 
1834	9 
1835	4 11 16 
1836	3 14 16 
1837	5 11 16 
1838	8 11 14 
1839	7 8 17 
1840	1 3 4 
1841	8 11 17 
1842	7 15 18 
1843	13 
1844	7 11 15 
1845	7 9 12 
1846	12 
1847	16 
1848	6 11 15 
1849	16 
1850	11 16 18 
1851	12 
1852	14 15 16 
1853	3 6 16 
1854	4 8 16 
1855	11 12 15 
1856	2 
1857	3 5 7 
1858	3 13 18 
1859	4 5 12 
1860	2 13 17 
1861	12 
1862	8 
1863	5 
1864	1 4 5 
1865	1 7 11 
1866	8 11 15 
1867	1 
1868	7 12 16 
1869	1 3 14 
1870	2 
1871	3 
1872	8 
1873	11 
1874	8 
1875	10 15 17 
1876	12 14 16 
1877	9 
1878	1 5 11 
1879	3 
1880	8 
1881	10 
1882	8 10 16 
1883	16 
1884	17 
1885	3 
1886	14 
1887	9 
1888	7 15 17 
1889	10 
1890	2 3 12 
1891	6 7 11 
1892	11 
1893	17 
1894	7 11 17 
1895	1 
1896	11 
1897	15 
1898	15 
1899	2 7 9 
1900	12 
1901	10 16 17 
1902	14 
1903	11 16 18 
1904	9 10 14 
1905	2 
1906	4 10 12 
1907	3 
1908	7 
1909	2 4 5 
1910	16 
1911	10 
1912	15 
1913	5 14 16 
1914	8 9 12 
1915	10 
1916	1 12 17 
1917	8 10 14 
1918	3 4 13 
1919	1 7 18 
1920	4 6 12 
1921	14 
1922	5 15 18 
1923	2 10 11 
1924	1 15 16 
1925	6 
1926	10 
1927	15 
1928	5 14 18 
1929	6 7 12 
1930	16 
1931	17 
1932	4 
1933	8 
1934	8 10 11 
1935	3 
1936	1 4 9 
1937	3 4 9 
1938	1 11 17 
1939	2 9 18 
1940	1 12 17 
1941	10 
1942	5 
1943	15 
1944	3 12 18 
1945	2 8 11 
1946	3 12 16 
1947	4 5 10 
1948	6 
1949	8 16 18 
1950	7 
1951	13 
1952	14 
1953	11 
1954	17 
1955	6 
1956	7 8 18 
1957	1 
1958	16 
1959	4 
1960	5 6 11 
1961	13 
1962	8 13 18 
1963	4 
1964	5 
1965	2 4 11 
1966	1 
1967	6 
1968	18 
1969	1 5 7 
1970	18 
1971	17 
1972	2 7 9 
1973	4 6 7 
1974	3 12 16 
1975	5 14 16 
1976	11 
1977	16 
1978	14 15 17 
1979	9 
1980	3 17 18 
1981	18 
1982	5 
1983	2 4 18 
1984	4 7 15 
1985	6 
1986	6 13 15 
1987	6 
1988	1 10 18 
1989	8 
1990	1 14 18 
1991	11 
1992	4 7 16 
1993	3 6 18 
1994	15 
1995	12 
1996	3 7 13 
1997	13 
1998	10 12 17 
1999	16 
2000	5 13 17 
